AA 55 00 28 E9 85 25 90 47 67 34 44 08 34 38 08 33 28 08 33 28 08 34 08 08 32 F0 07 33 F4 07 34 F0 07 34 E4 07 34 D8 07 33 D4 07 32 D0 07 31 BC 07 30 A8 07 2F 98 07 2E 9C 07 2E 8C 07 2E 90 07 2E 84 07 2F 8C 07 2F 88 07 2F 7C 07 2F 7C 07 30 7C 07 30 7C 07 31 74 07 31 68 07 31 70 07 32 60 07 31 60 07 32 5C 07 33 50 07 33 58 07 33 50 07 33 50 07 33 40 07 32 40 07 32 34 07 32 34 07 32 30 07
AA 55 00 28 25 90 71 9A 2C 76 33 2C 07 34 30 07 34 24 07 35 1C 07 35 1C 07 35 14 07 35 1C 07 35 14 07 35 14 07 36 10 07 35 04 07 35 0C 07 35 04 07 35 14 07 35 10 07 34 14 07 34 08 07 33 1C 07 32 14 07 31 08 07 30 14 07 30 14 07 30 24 07 2F 14 07 2E 08 07 2E FC 06 2E 00 07 2D FC 06 2E 1C 07 2D 08 07 2D 08 07 2D 08 07 2E 0C 07 2D 08 07 2D 08 07 2D 14 07 2D 00 07 2D F0 06 1F 00 00 21 00 00
AA 55 00 28 71 9A DF A4 8B 42 25 00 00 2D 00 00 19 00 00 1B 00 00 1D 00 00 1E 04 05 1F 28 05 2A 00 00 2B CC 06 1A 00 00 22 00 00 1A 00 00 24 00 00 29 FC 06 28 D8 06 26 94 06 25 6C 06 23 44 06 21 0C 06 20 D4 05 20 AC 05 1F 88 05 1D 6C 05 1D 3C 05 1B 30 05 1A 00 00 18 F4 04 18 E4 04 15 D0 04 14 BC 04 13 A0 04 12 8C 04 11 88 04 11 00 00 10 58 04 10 3C 04 10 2C 04 10 08 04 10 FC 03 10 00 00
AA 55 00 28 51 00 C1 0A 34 75 15 4C 02 15 54 02 15 4C 02 15 44 02 15 44 02 14 38 02 13 3C 02 12 34 02 13 44 02 12 38 02 13 34 02 13 3C 02 13 34 02 13 24 02 13 24 02 13 24 02 13 1C 02 13 24 02 12 24 02 14 28 02 13 1C 02 12 1C 02 13 24 02 13 10 02 14 08 02 14 10 02 13 08 02 14 04 02 15 00 00 14 00 00 16 00 00 16 10 02 17 FC 01 16 FC 01 17 F0 01 16 FC 01 16 FC 01 17 F4 01 17 F8 01 18 F8 01
AA 55 00 28 F5 0A 67 15 DC 61 17 F0 01 17 F8 01 17 F0 01 19 F4 01 18 F0 01 18 F0 01 18 F0 01 19 E8 01 18 F0 01 18 F8 01 19 E8 01 18 F0 01 18 F0 01 17 00 02 17 F8 01 17 EC 01 16 F0 01 15 EC 01 15 F0 01 16 F8 01 15 F0 01 15 E8 01 14 EC 01 15 E4 01 14 F0 01 14 FC 01 14 F8 01 14 F8 01 15 FC 01 15 EC 01 15 FC 01 15 EC 01 15 F4 01 15 F0 01 16 00 02 17 F4 01 16 FC 01 16 FC 01 17 F4 01 16 08 02
AA 55 00 28 9B 15 1B 20 37 48 15 F8 01 16 F8 01 17 04 02 17 08 02 17 04 02 17 F0 01 17 00 00 17 FC 01 16 F8 01 17 F4 01 16 04 02 17 08 02 17 F8 01 17 0C 02 17 FC 01 17 00 00 17 14 02 17 0C 02 17 14 02 17 10 02 17 0C 02 17 14 02 16 10 02 17 0C 02 16 00 00 15 1C 02 14 20 02 13 24 02 0F 1C 02 0D 00 00 0D 38 02 0D 34 02 0C 40 02 0D 4C 02 0D 4C 02 0D 4C 02 0D 54 02 0D 4C 02 0E 58 02 0E 48 02
AA 55 00 28 4F 20 83 2A D7 75 0E 00 00 0E 68 02 0E 50 02 0E 54 02 0E 68 02 0F 58 02 0F 68 02 11 70 02 12 78 02 14 80 02 14 84 02 16 80 02 17 8C 02 17 8C 02 18 98 02 18 90 02 18 88 02 18 00 00 17 B0 02 16 AC 02 16 B8 02 16 A8 02 15 B8 02 15 C4 02 15 C8 02 16 C8 02 16 D8 02 16 E0 02 15 EC 02 14 F8 02 14 F0 02 14 00 00 15 1C 03 13 28 03 14 1C 03 13 30 03 13 40 03 12 48 03 13 4C 03 12 60 03
AA 55 00 28 B5 2A 55 35 E8 79 12 58 03 12 60 03 12 78 03 13 90 03 12 9C 03 13 A8 03 12 B4 03 13 B0 03 14 D0 03 15 E4 03 17 EC 03 1A F0 03 15 F4 03 17 00 00 23 00 00 13 00 00 1A 00 00 2B 00 00 27 AC 18 1A C0 18 10 00 00 15 38 19 1B D8 18 17 54 19 22 4C 19 27 00 00 19 CC 18 1E 00 00 22 6C 17 21 74 17 0A 00 00 14 AC 18 29 88 17 23 B0 17 23 00 00 1F 00 19 26 DC 19 23 B0 19 25 90 19 21 A4 19
AA 55 00 28 89 35 31 40 B7 11 0D 00 00 23 00 00 1F 00 00 1F 30 1C 15 30 1C 18 E8 1B 23 B8 1B 20 C8 1B 28 00 00 26 8C 1C 0F 00 00 14 00 00 17 3C 20 18 00 00 1A C0 1D 1D 00 00 03 DC 1F 00 00 00 17 00 00 29 00 00 1D 00 21 0F 98 20 1F 18 21 27 04 21 24 F4 20 19 64 20 13 00 00 1F CC 1D 27 D0 1D 26 D0 1D 27 D8 1D 27 D0 1D 16 04 1E 16 00 00 12 6C 20 0B 00 00 09 80 1E 0A CC 1D 10 60 1D 15 00 00
AA 55 00 28 65 40 27 4B EE 4D 0F DC 1F 13 30 20 10 0C 20 12 18 20 1E 00 00 1F 98 1C 16 EC 1D 19 EC 1C 2F 6C 1C 23 94 1C 17 00 00 26 00 00 16 B4 1E 16 34 1E 0C 88 1D 01 00 00 04 A8 04 00 00 00 02 00 00 04 00 00 07 D4 02 08 D8 02 0A B4 02 0A B0 02 0C A4 02 0D AC 02 0E A0 02 0E A0 02 0F 84 02 10 84 02 10 6C 02 11 80 02 11 80 02 12 78 02 12 78 02 12 80 02 11 80 02 12 90 02 11 70 02 11 80 02
AA 55 00 28 5B 4B 49 56 69 63 10 8C 02 0F 98 02 10 94 02 0E 98 02 0E A0 02 0D 9C 02 0D AC 02 0B A0 02 0A C0 02 09 DC 02 16 00 00 29 00 00 2D 00 00 2E 90 03 2E 8C 03 2C 88 03 2C 84 03 29 6C 03 2B 80 03 2B 78 03 2D 7C 03 2B 70 03 2C 6C 03 2D 64 03 2C 64 03 2E 70 03 2E 60 03 2D 5C 03 2D 5C 03 2D 58 03 2B 48 03 2D 48 03 2D 4C 03 2D 4C 03 2D 3C 03 2D 4C 03 2C 40 03 2C 40 03 2C 38 03 2D 3C 03
AA 55 00 28 7D 56 4F 61 60 4B 2D 30 03 2D 38 03 2C 34 03 2C 38 03 2D 30 03 2B 30 03 29 30 03 29 24 03 2A 20 03 29 24 03 2A 30 03 2A 28 03 29 2C 03 29 24 03 29 28 03 28 20 03 23 1C 03 24 14 03 24 1C 03 23 10 03 24 08 03 24 18 03 24 18 03 21 18 03 1E 1C 03 1B 04 03 1C 0C 03 1E 00 03 1D EC 02 1C F0 02 1B F8 02 1C F0 02 1A F4 02 19 EC 02 16 F0 02 11 0C 03 0B 00 00 08 00 00 0A 00 00 09 00 00
AA 55 00 28 83 61 65 6C 41 70 09 00 00 04 00 00 00 00 00 00 00 00 00 00 00 00 00 00 00 00 00 00 00 00 00 00 00 00 00 00 00 00 00 00 00 00 00 00 00 00 00 00 00 00 00 00 00 00 00 00 00 00 00 00 00 00 00 00 00 00 00 00 00 00 00 00 00 00 00 00 00 00 00 00 00 00 00 00 00 00 00 00 00 00 00 00 00 00 00 00 00 00 00 00 00 00 00 00 00 00 00 00 00 00 00 00 00 00 00 00 00 00 00 00 00 00 00 00 00 00
AA 55 00 28 97 6C A3 77 6E 61 00 00 00 00 00 00 00 00 00 00 00 00 00 00 00 00 00 00 00 00 00 00 00 00 00 00 00 00 00 00 00 00 00 00 00 00 00 00 00 00 00 00 00 00 00 00 00 00 00 00 00 00 00 00 00 00 00 00 00 00 00 00 00 00 00 00 00 EC 01 00 00 02 00 00 00 00 00 00 00 00 00 00 00 00 00 00 00 00 00 00 00 00 00 00 00 04 00 00 04 00 00 00 00 5C 04 00 28 04 00 00 00 00 54 04 01 78 04 01 44 04
AA 55 00 28 D7 77 FF 82 2B 87 00 4C 04 00 00 00 0A 00 00 28 00 00 29 60 08 29 54 08 28 2C 08 24 20 08 27 14 08 26 00 08 2B 04 08 2D 1C 08 1E 00 00 2E 00 00 2F 00 00 2F 04 0B 2F E8 0A 2F C0 0A 2F A8 0A 30 84 0A 2F 64 0A 2F 44 0A 2F 2C 0A 31 20 0A 2F E4 09 30 C8 09 30 B8 09 32 AC 09 31 94 09 31 6C 09 32 5C 09 33 44 09 33 3C 09 33 24 09 34 1C 09 34 18 09 35 FC 08 33 D8 08 35 DC 08 32 C4 08
AA 55 00 28 33 83 4D 8E 8B 7F 34 C0 08 32 94 08 33 A0 08 31 7C 08 33 84 08 32 6C 08 33 6C 08 34 5C 08 34 54 08 34 44 08 33 30 08 33 28 08 34 20 08 32 F8 07 34 F8 07 33 F0 07 34 E4 07 33 DC 07 33 D4 07 32 C8 07 31 B8 07 31 B8 07 30 A8 07 2E 9C 07 2E 90 07 2E 94 07 2F 94 07 2F 88 07 30 84 07 30 88 07 31 84 07 31 78 07 31 68 07 31 6C 07 32 6C 07 32 68 07 32 60 07 33 5C 07 33 58 07 32 50 07
AA 55 00 28 81 8E 95 99 33 6B 33 40 07 32 40 07 32 40 07 33 38 07 32 30 07 33 34 07 33 2C 07 34 28 07 35 1C 07 35 24 07 35 1C 07 35 14 07 35 14 07 35 14 07 35 0C 07 36 0C 07 35 10 07 35 04 07 35 10 07 34 0C 07 33 0C 07 33 08 07 32 20 07 31 0C 07 30 14 07 30 0C 07 2F 14 07 2F 14 07 2F 0C 07 2E 1C 07 2E 14 07 2E 0C 07 2C 08 07 2D FC 06 2D FC 06 2D 00 07 2C 08 07 2E 0C 07 2D 00 07 2D FC 06
AA 55 00 28 C9 99 EF A4 19 41 20 00 00 21 00 00 29 00 00 28 00 00 18 00 00 1C 14 05 1E 20 05 1F 30 05 23 00 00 2E 00 00 1A 00 00 22 00 00 19 00 00 27 00 00 2A FC 06 28 C4 06 26 90 06 24 58 06 23 1C 06 21 F0 05 20 CC 05 20 A4 05 1E 70 05 1D 40 05 1B 30 05 1A 14 05 19 E8 04 17 E0 04 15 D0 04 14 A4 04 13 8C 04 11 88 04 11 68 04 11 44 04 10 44 04 11 28 04 11 18 04 11 EC 03 11 EC 03 12 D0 03
AA 55 00 28 23 A5 4D B0 4F 6A 10 C0 03 10 C0 03 10 A4 03 0F AC 03 0F 9C 03 0F 84 03 0F 94 03 0F 68 03 0F 58 03 10 64 03 11 44 03 10 38 03 10 38 03 0F 30 03 10 20 03 0F 20 03 10 10 03 0F F4 02 0F 04 03 0F FC 02 0F EC 02 0E E8 02 0F E0 02 0F E8 02 0E C8 02 0E C0 02 0E C0 02 0E C8 02 0F B0 02 0E A8 02 0E C8 02 0F A8 02 0F A8 02 0E A0 02 0F A8 02 0F 90 02 10 94 02 10 74 02 10 00 00 11 88 02
AA 55 00 0D 81 B0 0B 00 19 E8 11 88 02 12 80 02 13 6C 02 13 6C 02 13 64 02 15 74 02 14 60 02 15 64 02 15 5C 02 15 6C 02 15 00 00 15 4C 02 15 48 02 AA 55 75 01 3F 00 3F 00 9E 56 15 54 02
AA 55 00 28 83 00 3F 0C F4 70 15 48 02 15 44 02 15 34 02 14 4C 02 13 44 02 13 3C 02 13 34 02 12 3C 02 12 3C 02 13 2C 02 13 24 02 12 34 02 13 24 02 13 1C 02 13 1C 02 14 20 02 13 24 02 14 28 02 14 00 00 14 08 02 13 04 02 14 08 02 15 00 02 15 0C 02 15 00 02 16 08 02 16 00 02 17 FC 01 17 00 02 17 FC 01 17 FC 01 17 EC 01 17 F8 01 17 04 02 18 F0 01 18 F8 01 18 F8 01 17 F0 01 18 F8 01 18 F0 01
AA 55 00 28 83 0C A7 17 76 67 18 E8 01 19 F0 01 18 E8 01 18 E8 01 19 F0 01 18 F0 01 17 F8 01 17 EC 01 17 EC 01 16 F4 01 16 FC 01 16 F0 01 16 E8 01 16 F8 01 15 EC 01 15 EC 01 15 FC 01 14 F4 01 14 EC 01 15 F4 01 14 F8 01 15 F4 01 15 F4 01 14 EC 01 15 F8 01 15 FC 01 16 F0 01 16 F8 01 16 F8 01 16 FC 01 16 EC 01 16 FC 01 16 00 02 17 FC 01 17 FC 01 17 EC 01 17 00 00 17 FC 01 17 F8 01 17 04 02
AA 55 00 28 E9 17 05 23 D0 4A 17 04 02 16 04 02 17 04 02 17 FC 01 16 14 02 17 14 02 16 08 02 17 14 02 17 20 02 17 0C 02 17 10 02 18 10 02 16 18 02 17 2C 02 16 30 02 14 24 02 13 24 02 0F 28 02 0D 34 02 0D 3C 02 0E 44 02 0D 38 02 0D 44 02 0D 4C 02 0D 48 02 0D 48 02 0D 4C 02 0D 40 02 0E 4C 02 0E 60 02 0E 60 02 0F 58 02 0E 60 02 0D 78 02 0F 74 02 10 74 02 11 70 02 13 7C 02 15 8C 02 16 80 02
AA 55 00 28 49 23 49 2E 77 71 17 8C 02 17 90 02 17 90 02 18 A0 02 17 A8 02 18 B8 02 17 B0 02 17 B4 02 16 C0 02 16 C0 02 15 C4 02 16 C8 02 16 D8 02 15 DC 02 15 D4 02 15 EC 02 15 00 03 15 FC 02 15 14 03 15 24 03 14 24 03 14 2C 03 13 40 03 12 48 03 13 54 03 12 50 03 12 64 03 12 68 03 11 80 03 13 90 03 13 90 03 12 AC 03 12 A4 03 13 B8 03 14 D4 03 15 EC 03 18 F8 03 1B FC 03 13 20 04 22 0C 04
AA 55 00 28 8D 2E AF 39 25 75 1C F8 03 0E 00 00 27 00 00 2A 00 00 20 C8 18 0E 34 19 15 74 19 1D 00 00 17 58 19 1F 44 19 28 B4 18 1A C8 18 1E 00 00 21 70 17 1F 74 17 0E 00 00 1B 00 00 29 00 00 23 24 18 23 A8 18 22 A0 19 24 C0 19 25 98 19 24 84 19 14 F8 19 1E 00 00 1F 74 1C 1F 1C 1C 16 30 1C 17 0C 1C 23 B8 1B 20 D0 1B 28 00 00 24 90 1C 0E 00 00 16 00 00 14 78 1F 18 00 00 14 6C 1E 15 00 00
AA 55 00 28 F1 39 1B 45 AF 3B 00 00 00 03 00 00 28 00 00 24 24 21 0E 84 20 1B 1C 21 27 0C 21 25 F0 20 1B 90 20 13 00 00 1E D0 1D 27 D8 1D 27 DC 1D 27 D4 1D 27 D0 1D 10 00 00 15 00 00 11 24 20 0C 70 1E 08 68 1E 11 00 00 0F 34 1F 12 28 20 11 20 20 10 18 20 13 68 20 16 00 00 20 80 1C 16 DC 1D 19 FC 1C 2D 74 1C 24 8C 1C 17 00 00 27 00 00 13 AC 1E 0F A8 1E 06 00 00 07 DC 04 03 00 00 01 00 00
AA 55 00 28 5F 45 9F 50 F5 6B 02 00 00 05 00 00 07 D0 02 09 D4 02 0A AC 02 0B B8 02 0C A4 02 0D A8 02 0E A8 02 0F 98 02 0F 88 02 10 9C 02 10 7C 02 11 78 02 11 78 02 11 70 02 12 80 02 12 78 02 12 80 02 12 88 02 10 74 02 10 84 02 0F 98 02 0F A0 02 0E A0 02 0E B0 02 0E B0 02 0C A4 02 0B C0 02 0A C4 02 13 00 00 2C 00 00 33 00 00 31 80 03 2E 78 03 2D 70 03 2B 54 03 2A 60 03 2B 54 03 2A 50 03
AA 55 00 28 E3 50 35 5C 33 71 2A 48 03 2B 48 03 2B 3C 03 2A 34 03 2A 38 03 2A 38 03 2B 40 03 2A 20 03 2B 24 03 2C 28 03 2B 24 03 2A 1C 03 2A 24 03 2C 24 03 2C 20 03 2C 1C 03 2D 10 03 2E 20 03 2D 14 03 2D 18 03 2C 0C 03 2C 14 03 2E 24 03 2C 14 03 2B 0C 03 29 00 03 2B 0C 03 2B 0C 03 29 F8 02 29 F4 02 29 E8 02 29 E8 02 27 DC 02 28 E0 02 26 F0 02 23 E4 02 23 DC 02 21 D4 02 20 C4 02 21 D4 02
AA 55 00 28 79 5C 99 67 26 44 24 E0 02 25 C8 02 1F B8 02 17 BC 02 0F BC 02 0C B4 02 0C A4 02 0D A4 02 0F 98 02 10 8C 02 13 74 02 16 68 02 18 60 02 19 5C 02 19 5C 02 1A 58 02 19 58 02 18 58 02 16 68 02 13 4C 02 0F 54 02 0B 4C 02 06 58 02 04 58 02 01 6C 02 00 60 02 00 58 02 00 00 00 00 00 00 00 00 00 00 00 00 00 00 00 00 00 00 00 00 00 00 00 00 00 00 00 00 00 00 00 00 00 00 00 00 00 00 00
AA 55 00 28 DD 67 41 73 21 6B 00 00 00 00 00 00 00 00 00 00 00 00 00 00 00 00 00 00 00 00 00 00 00 00 00 00 00 00 00 00 00 00 00 00 00 00 00 00 00 01 C4 01 01 00 00 02 00 00 08 00 00 13 00 00 1E E4 01 26 DC 01 29 D4 01 2A E4 01 28 DC 01 22 DC 01 1B E0 01 15 E4 01 0E D4 01 0A D8 01 07 D4 01 06 D0 01 04 C4 01 03 00 00 02 00 00 03 00 00 02 00 00 01 18 02 02 18 02 02 28 02 02 20 02 03 3C 02
AA 55 00 28 83 73 C7 7E 8E 7A 0C 30 02 17 34 02 1B 20 02 18 20 02 0F 14 02 07 28 02 05 20 02 03 00 00 01 00 00 01 00 00 00 00 00 00 00 00 00 00 00 01 60 04 01 68 04 00 94 04 00 94 04 0B 00 00 28 70 08 29 60 08 2A 50 08 28 20 08 22 20 08 25 18 08 28 18 08 2C 14 08 2A 20 08 29 00 00 2E 28 0B 2F 10 0B 2F F4 0A 2F CC 0A 30 BC 0A 2F 90 0A 2F 6C 0A 2F 4C 0A 2F 30 0A 30 1C 0A 2F F8 09 30 DC 09
AA 55 00 28 0B 7F 6F 8A C4 88 30 C0 09 32 B4 09 32 9C 09 31 78 09 32 64 09 32 48 09 33 44 09 34 2C 09 33 18 09 34 14 09 33 F0 08 33 E4 08 34 D8 08 34 CC 08 32 AC 08 33 B0 08 33 A0 08 32 80 08 33 84 08 33 74 08 34 68 08 34 60 08 34 4C 08 34 40 08 33 30 08 33 20 08 33 0C 08 34 0C 08 33 F8 07 33 EC 07 34 E4 07 34 D8 07 32 D0 07 31 C4 07 31 BC 07 2F A4 07 2F A8 07 2E 94 07 2E 98 07 2E 90 07
AA 55 00 28 B3 8A FB 95 28 63 30 90 07 2F 84 07 30 84 07 30 80 07 31 7C 07 32 70 07 31 68 07 31 68 07 32 64 07 33 60 07 33 58 07 33 54 07 33 54 07 33 4C 07 32 40 07 33 38 07 32 40 07 32 30 07 33 30 07 34 2C 07 34 28 07 34 24 07 36 14 07 35 24 07 35 14 07 35 04 07 36 0C 07 35 14 07 35 14 07 35 FC 06 35 04 07 35 04 07 34 0C 07 33 0C 07 32 20 07 32 14 07 31 14 07 30 24 07 30 14 07 2F 1C 07
AA 55 00 28 3D 96 91 A1 85 4A 2F 18 07 2D 08 07 2D FC 06 2E 0C 07 2C 00 07 2D 00 07 2D 0C 07 2D 14 07 2D 0C 07 2D 08 07 2D 00 07 2E 00 07 21 00 00 21 00 00 29 00 00 28 00 00 19 00 00 1B 0C 05 1E 18 05 20 2C 05 26 00 00 2A 00 00 1B 00 00 21 00 00 17 00 00 29 00 00 29 00 00 28 B4 06 24 78 06 23 40 06 23 10 06 21 D8 05 1F AC 05 1F 78 05 1E 60 05 1C 40 05 1B 24 05 19 F4 04 18 DC 04 15 C4 04
AA 55 00 28 D3 A1 25 AD 4A 72 14 B0 04 13 AC 04 12 98 04 11 9C 04 11 00 00 10 3C 04 10 2C 04 11 20 04 11 08 04 12 E8 03 11 E4 03 11 C8 03 11 C4 03 11 C0 03 10 B0 03 0F 9C 03 0F 98 03 0F 94 03 0F 84 03 10 64 03 0F 58 03 10 40 03 10 40 03 11 44 03 10 28 03 10 28 03 0F 20 03 10 04 03 10 18 03 0F 0C 03 10 FC 02 0E D8 02 0F E0 02 0F D0 02 0F D8 02 0E C8 02 0E D0 02 0E C0 02 0E B8 02 0E B0 02
AA 55 00 17 69 AD 01 00 60 ED 0E B8 02 0E B0 02 0E A8 02 0F A0 02 0E 98 02 0F B0 02 10 94 02 0F 9C 02 10 8C 02 10 9C 02 11 98 02 12 78 02 12 6C 02 13 64 02 13 74 02 13 54 02 13 5C 02 14 60 02 14 60 02 15 5C 02 15 5C 02 15 58 02 15 50 02 AA 55 7F 01 09 00 09 00 94 56 15 54 02
AA 55 00 28 51 00 A1 0B AA 75 15 48 02 16 58 02 15 3C 02 14 38 02 14 40 02 13 44 02 13 40 02 13 40 02 13 34 02 14 30 02 14 28 02 13 2C 02 13 34 02 13 1C 02 13 24 02 14 18 02 13 1C 02 14 20 02 13 20 02 14 10 02 14 18 02 13 04 02 14 00 02 15 0C 02 16 10 02 15 04 02 16 08 02 16 08 02 16 00 02 16 F8 01 17 0C 02 17 FC 01 17 08 02 18 00 02 17 FC 01 17 F8 01 17 F0 01 17 00 02 18 F8 01 18 F8 01
AA 55 00 28 E9 0B 2B 17 73 61 18 E8 01 18 F8 01 19 F8 01 18 E8 01 19 F8 01 19 F4 01 18 E8 01 18 F0 01 18 00 02 17 F8 01 16 F4 01 16 F4 01 15 F0 01 16 F8 01 16 F8 01 16 E8 01 15 E4 01 15 FC 01 15 E8 01 15 F4 01 15 04 02 15 EC 01 14 F8 01 15 FC 01 15 F4 01 16 F8 01 16 F8 01 16 00 02 16 F8 01 16 EC 01 17 F4 01 17 F4 01 17 0C 02 16 00 02 17 00 02 16 FC 01 18 10 02 17 FC 01 18 08 02 17 FC 01
AA 55 00 28 75 17 B3 22 89 48 16 04 02 17 08 02 17 0C 02 17 04 02 17 10 02 16 08 02 16 00 02 17 14 02 17 14 02 17 18 02 17 14 02 17 0C 02 17 14 02 17 10 02 17 14 02 16 20 02 15 14 02 13 1C 02 10 28 02 0D 30 02 0D 3C 02 0D 40 02 0D 38 02 0D 38 02 0D 3C 02 0D 48 02 0D 44 02 0D 5C 02 0E 58 02 0E 60 02 0F 60 02 0F 60 02 0E 70 02 0E 70 02 0E 80 02 0F 64 02 11 70 02 13 74 02 14 80 02 15 88 02
AA 55 00 28 FD 22 2F 2E EE 76 16 98 02 17 8C 02 17 8C 02 18 88 02 17 A8 02 17 9C 02 17 A8 02 17 B0 02 16 B4 02 15 B0 02 16 C0 02 15 CC 02 15 C4 02 16 DC 02 16 E8 02 15 EC 02 15 E4 02 15 FC 02 15 08 03 15 14 03 14 0C 03 14 24 03 14 38 03 13 38 03 12 2C 03 11 44 03 12 6C 03 12 68 03 11 68 03 12 70 03 12 9C 03 12 A4 03 12 AC 03 13 B8 03 14 C4 03 15 D8 03 17 E0 03 1A 00 04 15 04 04 1B 38 04
AA 55 00 28 79 2E AF 39 DE 40 20 00 00 10 00 00 23 00 00 2B 00 00 23 C0 18 10 F8 18 15 84 19 1C D4 18 17 4C 19 1D 50 19 28 C8 18 1B C8 18 1D 28 18 22 6C 17 20 74 17 0D 00 00 19 34 18 29 7C 17 23 14 18 23 A0 18 22 90 19 24 C0 19 25 84 19 24 88 19 13 08 1A 1F 00 00 20 64 1C 1F 24 1C 16 30 1C 17 F4 1B 23 B4 1B 21 D8 1B 28 00 00 23 90 1C 0D 00 00 17 00 00 12 F0 1E 18 70 1D 13 F8 1E 10 78 20
AA 55 00 28 F9 39 37 45 2E 1A 00 00 00 09 00 00 29 00 00 21 18 21 0E 78 20 1E 20 21 27 0C 21 24 E8 20 18 00 00 15 00 00 22 CC 1D 26 C8 1D 26 D4 1D 27 D4 1D 25 D8 1D 12 00 00 13 84 20 0D BC 1F 0B 60 1E 09 24 1E 13 00 00 14 00 00 0F EC 1F 13 44 20 10 14 20 11 F4 1F 20 00 00 1E C8 1C 16 E8 1D 1C C0 1C 30 70 1C 20 B8 1C 15 00 00 25 AC 1E 16 08 1F 07 00 00 06 00 00 06 A4 04 01 00 00 01 00 00
AA 55 00 28 81 45 C5 50 DB 6A 04 00 00 06 00 00 08 D0 02 0A C4 02 0B A0 02 0C 9C 02 0D AC 02 0D 94 02 0E A0 02 10 94 02 10 9C 02 11 A0 02 11 78 02 11 80 02 13 8C 02 12 70 02 12 88 02 13 84 02 12 70 02 11 90 02 10 8C 02 10 8C 02 0F A8 02 0F A8 02 0F A0 02 0E C0 02 0D BC 02 0C BC 02 0A E0 02 0F 00 00 29 3C 03 35 54 03 34 70 03 2F 68 03 2B 60 03 2A 5C 03 2A 50 03 29 4C 03 29 40 03 2B 4C 03
AA 55 00 28 0F 51 6D 5C DF 70 28 3C 03 29 28 03 28 34 03 28 24 03 27 28 03 29 30 03 28 1C 03 29 18 03 27 10 03 28 18 03 29 10 03 2C 08 03 2C 0C 03 2B 0C 03 2B 0C 03 2B 00 03 2B FC 02 2C 0C 03 2B 04 03 2B FC 02 29 F8 02 2A FC 02 29 F8 02 28 F0 02 28 F0 02 28 E0 02 28 F0 02 28 E8 02 27 DC 02 26 DC 02 26 D4 02 25 D4 02 22 C4 02 21 BC 02 21 C4 02 1D B0 02 1E BC 02 22 BC 02 22 B0 02 1A 9C 02
AA 55 00 28 B7 5C F1 67 EB 45 11 9C 02 0C 9C 02 09 AC 02 09 90 02 0A 74 02 0B 8C 02 0D 6C 02 0E 58 02 10 54 02 13 3C 02 15 44 02 15 2C 02 15 3C 02 17 30 02 18 20 02 19 2C 02 18 28 02 19 20 02 18 18 02 16 10 02 12 28 02 0E 24 02 0A 44 02 08 30 02 06 24 02 04 40 02 02 3C 02 01 00 00 00 0C 02 00 0C 02 00 00 00 00 00 00 00 00 00 00 B0 01 00 9C 01 01 00 00 01 CC 01 01 00 00 02 9C 01 03 A4 01
AA 55 00 28 39 68 85 73 79 64 06 A0 01 0F AC 01 18 A0 01 1F A0 01 24 AC 01 28 B0 01 2A A8 01 2C B0 01 2D B0 01 2D B4 01 2B A8 01 2A B4 01 26 A4 01 24 B8 01 1F A0 01 1B A0 01 16 98 01 10 88 01 0C 84 01 0A 94 01 09 A0 01 07 90 01 05 94 01 03 9C 01 01 B0 01 00 C0 01 00 00 00 00 00 00 00 00 00 00 00 00 00 0C 02 00 F8 01 00 00 00 01 00 00 01 00 00 05 DC 01 10 EC 01 1C E8 01 22 FC 01 26 FC 01
AA 55 00 28 CF 73 13 7F C7 7A 25 E8 01 22 F0 01 1B E8 01 12 D0 01 0B D0 01 09 D4 01 09 00 00 0B 10 02 0A 10 02 0A 00 00 0F 54 02 11 44 02 0B 3C 02 06 3C 02 04 38 02 02 00 00 14 00 00 27 00 00 29 50 08 29 44 08 25 28 08 24 20 08 25 08 08 29 10 08 2D 08 08 26 60 08 2C 00 00 30 38 0B 2F 10 0B 2F E8 0A 2F C8 0A 30 AC 0A 31 A0 0A 2F 70 0A 2F 44 0A 30 2C 0A 30 14 0A 30 F4 09 2F D4 09 32 C8 09
AA 55 00 28 5B 7F C3 8A E6 88 30 A4 09 31 8C 09 31 70 09 32 60 09 34 60 09 34 48 09 33 28 09 33 14 09 33 F8 08 34 E8 08 33 E0 08 34 E4 08 32 C4 08 34 C0 08 32 9C 08 32 98 08 33 80 08 32 70 08 34 7C 08 34 64 08 34 60 08 34 4C 08 34 40 08 33 34 08 33 1C 08 34 08 08 33 FC 07 34 F4 07 34 EC 07 33 E0 07 33 D4 07 32 D0 07 31 C0 07 31 A8 07 2F A0 07 2F 98 07 2E 94 07 2E 88 07 2F 90 07 2F 90 07
AA 55 00 28 0D 8B 4D 96 18 60 30 90 07 30 94 07 30 7C 07 31 80 07 31 6C 07 32 70 07 32 6C 07 33 68 07 32 60 07 33 50 07 32 50 07 33 54 07 32 50 07 33 44 07 32 3C 07 32 30 07 33 34 07 33 30 07 33 24 07 34 2C 07 35 24 07 35 1C 07 35 14 07 35 14 07 35 14 07 35 14 07 36 00 07 35 10 07 35 08 07 34 10 07 34 10 07 34 14 07 33 18 07 32 1C 07 32 20 07 31 20 07 30 1C 07 30 14 07 30 1C 07 2F 0C 07
AA 55 00 28 95 96 DF A1 7B 4E 2E 08 07 2D 08 07 2D 0C 07 2D 0C 07 2D 08 07 2D 08 07 2D 00 07 2E 00 07 2D 0C 07 2D 0C 07 2D F4 06 1D 00 00 21 00 00 2F 00 00 21 00 00 1A 00 00 1D 00 00 1F 28 05 20 38 05 2D 00 00 23 B4 06 1F 00 00 20 AC 05 1B 00 00 29 00 00 29 00 00 27 A8 06 25 6C 06 24 38 06 22 00 06 21 D0 05 1F 9C 05 1F 74 05 1E 40 05 1B 30 05 1A 14 05 19 08 05 17 E0 04 16 D4 04 14 C0 04
AA 55 00 28 27 A2 6F AD FB 70 13 A8 04 12 84 04 11 60 04 10 50 04 10 48 04 10 24 04 11 18 04 12 00 04 11 DC 03 11 D4 03 11 D4 03 10 C8 03 10 D0 03 10 B0 03 10 9C 03 0F 8C 03 0F 8C 03 10 64 03 0F 60 03 10 64 03 10 48 03 10 48 03 10 30 03 11 2C 03 10 30 03 10 20 03 0F 18 03 0F 28 03 0F 00 00 0F F0 02 0F D8 02 0E F0 02 0F D8 02 0E D8 02 0F D8 02 0E D0 02 0E C0 02 0E B8 02 0E C8 02 0E B8 02
AA 55 00 17 B7 AD 09 00 5C ED 0E B0 02 0E A8 02 0F A0 02 0F B8 02 0E A8 02 0F 9C 02 10 9C 02 10 9C 02 10 7C 02 11 78 02 12 80 02 12 84 02 12 78 02 13 74 02 14 70 02 14 68 02 15 64 02 15 5C 02 15 5C 02 15 4C 02 15 4C 02 16 50 02 16 48 02 AA 55 81 01 53 00 53 00 72 56 15 4C 02
AA 55 00 28 9D 00 E5 0B 29 75 16 48 02 14 3C 02 14 38 02 14 38 02 13 3C 02 12 44 02 13 44 02 13 44 02 12 34 02 13 34 02 13 24 02 13 20 02 13 30 02 13 24 02 13 18 02 13 34 02 13 14 02 14 10 02 14 20 02 14 08 02 13 14 02 14 00 02 14 00 02 15 04 02 15 10 02 15 08 02 16 00 02 16 0C 02 16 F8 01 16 FC 01 17 08 02 17 F4 01 18 00 02 17 F8 01 18 F8 01 18 F8 01 18 F0 01 17 F8 01 18 E8 01 18 00 02
AA 55 00 28 2F 0C 67 17 09 65 18 F0 01 18 F8 01 19 EC 01 18 E8 01 18 F0 01 19 FC 01 18 F8 01 18 F0 01 17 F4 01 17 F4 01 16 F4 01 16 F8 01 16 E8 01 14 F8 01 15 EC 01 15 00 02 14 F4 01 14 EC 01 15 F4 01 15 FC 01 15 04 02 15 00 02 15 FC 01 14 FC 01 16 F8 01 16 F8 01 16 04 02 16 04 02 17 F4 01 15 F8 01 16 FC 01 17 FC 01 17 04 02 17 FC 01 17 04 02 18 F8 01 17 14 02 16 14 02 17 08 02 16 08 02
AA 55 00 28 B1 17 E5 22 40 4A 17 04 02 17 14 02 16 08 02 16 0C 02 17 04 02 17 04 02 17 18 02 16 08 02 17 0C 02 17 0C 02 18 18 02 17 18 02 16 28 02 16 28 02 15 28 02 15 24 02 13 20 02 0F 30 02 0D 28 02 0D 30 02 0D 34 02 0D 48 02 0D 40 02 0D 54 02 0D 38 02 0D 40 02 0D 4C 02 0D 5C 02 0E 5C 02 0E 4C 02 0E 58 02 0F 60 02 0E 60 02 0E 00 00 0F 6C 02 10 64 02 12 78 02 13 7C 02 15 7C 02 16 88 02
AA 55 00 28 31 23 5F 2E D0 74 16 8C 02 17 90 02 18 A0 02 18 A8 02 17 A0 02 18 A8 02 16 AC 02 17 BC 02 16 B8 02 15 D0 02 15 C4 02 15 C4 02 15 D8 02 16 E8 02 15 EC 02 15 F4 02 15 04 03 15 0C 03 14 14 03 13 20 03 14 30 03 14 30 03 13 40 03 13 4C 03 12 48 03 12 64 03 12 58 03 13 00 00 12 74 03 13 98 03 13 98 03 13 B8 03 12 C4 03 13 D4 03 14 C4 03 16 DC 03 19 04 04 18 EC 03 12 00 00 28 00 00
AA 55 00 28 AB 2E D3 39 8D 48 15 00 00 1B 00 00 2B 00 00 27 B4 18 17 C0 18 12 00 00 18 F0 18 18 1C 19 1A 50 19 27 1C 19 20 88 18 19 A0 18 22 00 00 22 7C 17 0F B0 17 12 00 00 29 00 00 23 00 00 24 80 18 1E 14 19 26 DC 19 24 AC 19 25 8C 19 1C BC 19 12 00 00 21 B8 1C 20 20 1C 1A 30 1C 13 20 1C 21 CC 1B 22 A4 1B 25 00 00 27 A0 1C 13 E8 1C 11 00 00 17 48 20 18 00 00 19 DC 1D 1C 00 00 01 80 1F
AA 55 00 28 1F 3A 4F 45 80 1A 00 00 00 21 00 00 27 00 00 13 AC 20 17 EC 20 26 1C 21 26 F8 20 1E D4 20 13 00 00 1B CC 1D 26 D4 1D 27 DC 1D 27 D4 1D 27 D8 1D 17 FC 1D 16 00 00 12 6C 20 0C A0 1E 09 64 1E 0D 00 00 0D 1C 1E 14 00 00 10 EC 1F 11 30 20 13 54 20 0F 00 00 20 78 1C 17 74 1D 19 34 1D 27 00 00 27 70 1C 1B E8 1C 22 00 00 17 98 1E 13 D8 1E 04 00 00 08 F0 04 04 00 00 01 00 00 02 00 00
AA 55 00 28 99 45 D3 50 D8 68 05 00 00 07 00 00 09 C4 02 0A CC 02 0B A8 02 0C AC 02 0D B0 02 0E 98 02 0F 9C 02 10 94 02 10 7C 02 11 98 02 11 98 02 11 80 02 13 7C 02 12 78 02 12 70 02 12 90 02 11 80 02 11 80 02 10 8C 02 10 A4 02 0F A4 02 0F 9C 02 0E A0 02 0E 98 02 0D 00 00 0B B8 02 0B E0 02 14 00 00 2F 00 00 37 00 00 34 78 03 2F 68 03 2C 5C 03 2B 58 03 2A 50 03 29 40 03 29 44 03 29 38 03
AA 55 00 28 1D 51 65 5C 28 71 27 30 03 28 2C 03 29 2C 03 28 2C 03 28 20 03 28 1C 03 28 20 03 29 1C 03 28 1C 03 28 14 03 2A 1C 03 2A 10 03 2C 14 03 2B 10 03 2B 0C 03 2B 10 03 2B 0C 03 29 FC 02 29 EC 02 29 F0 02 29 EC 02 2A FC 02 29 E8 02 29 EC 02 29 FC 02 28 E8 02 28 E0 02 28 E0 02 28 E8 02 27 DC 02 27 D8 02 25 C8 02 23 CC 02 23 C8 02 20 B8 02 21 B4 02 21 A8 02 21 A4 02 1C 9C 02 12 A0 02
AA 55 00 28 AF 5C D7 67 43 44 0B B0 02 08 00 00 08 6C 02 0A 70 02 0B 6C 02 0C 58 02 0D 6C 02 10 00 00 12 30 02 13 4C 02 13 2C 02 13 34 02 16 2C 02 18 28 02 18 20 02 18 28 02 18 18 02 18 38 02 16 00 00 16 1C 02 16 0C 02 17 04 02 16 0C 02 16 08 02 14 00 00 12 04 02 0F 00 02 0C 00 02 0A F4 01 07 0C 02 05 00 00 03 00 00 02 00 00 02 00 00 02 9C 01 02 90 01 05 00 00 08 B0 01 0E C4 01 15 B4 01
AA 55 00 28 21 68 5F 73 6F 65 1B B0 01 23 B4 01 28 B4 01 2A B0 01 2C A4 01 2C A0 01 2C AC 01 2B AC 01 2A A8 01 29 A8 01 26 9C 01 25 A8 01 21 A8 01 1D 94 01 18 9C 01 13 98 01 0E 98 01 0B 90 01 0A 84 01 09 8C 01 07 84 01 03 00 00 02 A8 01 01 B4 01 00 00 00 00 00 00 00 00 00 00 00 00 00 D4 01 00 F0 01 01 00 00 01 00 00 03 00 00 0C E4 01 17 EC 01 1F F4 01 27 04 02 2A FC 01 2B F4 01 29 FC 01
AA 55 00 28 AB 73 E7 7E F7 71 26 F8 01 20 FC 01 19 E8 01 10 DC 01 0B E8 01 0A F4 01 0E 00 00 15 00 00 1E 00 00 22 50 02 23 54 02 1D 50 02 16 44 02 0E 38 02 08 3C 02 04 24 02 02 00 00 22 00 00 29 00 00 29 48 08 2A 34 08 21 14 08 24 20 08 24 0C 08 2A 08 08 2D 0C 08 1A 00 00 2D 00 00 2F 00 00 2F 04 0B 2F E0 0A 2F B8 0A 31 B0 0A 30 80 0A 30 70 0A 30 48 0A 30 20 0A 30 04 0A 30 E8 09 30 CC 09
AA 55 00 28 31 7F 73 8A E4 87 32 C4 09 32 A0 09 32 90 09 33 7C 09 34 60 09 34 58 09 34 38 09 35 2C 09 34 14 09 34 08 09 33 E4 08 35 E8 08 34 CC 08 34 C0 08 33 BC 08 33 9C 08 33 90 08 32 80 08 32 70 08 32 64 08 34 5C 08 34 54 08 35 4C 08 34 38 08 33 2C 08 34 18 08 33 08 08 33 F4 07 34 F8 07 34 E0 07 34 DC 07 33 D0 07 31 C4 07 32 C0 07 31 AC 07 30 9C 07 2F 98 07 2F 94 07 2F 98 07 2F 94 07
AA 55 00 28 BD 8A ED 95 31 63 2F 88 07 30 88 07 2F 7C 07 30 78 07 31 78 07 31 68 07 31 6C 07 32 6C 07 32 68 07 33 5C 07 33 58 07 33 4C 07 33 4C 07 32 44 07 33 34 07 33 3C 07 32 38 07 33 38 07 34 2C 07 34 20 07 34 1C 07 35 1C 07 35 1C 07 35 1C 07 35 10 07 36 04 07 36 14 07 35 0C 07 36 04 07 36 FC 06 35 0C 07 34 04 07 34 10 07 33 08 07 32 14 07 31 14 07 31 1C 07 30 0C 07 30 1C 07 30 1C 07
AA 55 00 28 39 96 67 A1 6A 4C 30 08 07 2E 00 07 2E 08 07 2D 00 07 2D 14 07 2D 0C 07 2E 08 07 2D 00 07 2C 00 07 2E 08 07 2D 1C 07 2E 00 07 22 00 00 21 00 00 28 00 00 2A 00 00 19 00 00 1C 18 05 1E 18 05 1F 1C 05 22 00 00 2D 00 00 1A 00 00 22 00 00 19 00 00 28 00 00 2A F4 06 28 C0 06 25 78 06 24 48 06 23 14 06 21 D8 05 20 B4 05 20 88 05 1E 54 05 1D 34 05 1B 14 05 19 04 05 18 F0 04 16 E0 04
AA 55 00 28 B3 A1 E7 AC E4 77 15 BC 04 13 A4 04 13 80 04 11 84 04 11 50 04 10 54 04 10 30 04 11 2C 04 10 00 04 10 EC 03 11 D8 03 11 C8 03 11 C8 03 11 A0 03 10 A0 03 10 98 03 0F 94 03 0F 88 03 0F 88 03 10 68 03 10 68 03 10 44 03 10 60 03 11 30 03 10 34 03 0F 2C 03 10 2C 03 0F 1C 03 0F 00 03 0F 14 03 0F FC 02 0F F0 02 0E E4 02 0E E4 02 0F CC 02 0F D4 02 0E C4 02 0E BC 02 0E C4 02 0E BC 02
AA 55 00 19 31 AD 01 00 D8 E3 0E B4 02 0E A4 02 0E AC 02 0E AC 02 0E AC 02 0F A8 02 0F 94 02 10 98 02 10 A0 02 10 98 02 10 90 02 11 84 02 11 74 02 13 70 02 12 68 02 14 64 02 14 5C 02 14 6C 02 14 68 02 15 64 02 15 58 02 14 4C 02 15 54 02 15 58 02 15 54 02 AA 55 83 01 49 00 49 00 7C 56 15 40 02
AA 55 00 28 95 00 C9 0B 6F 75 16 3C 02 14 3C 02 14 44 02 14 3C 02 13 30 02 13 30 02 13 30 02 13 30 02 13 34 02 13 30 02 12 30 02 13 28 02 13 24 02 13 18 02 13 18 02 13 28 02 13 18 02 14 1C 02 13 10 02 14 14 02 15 08 02 14 14 02 14 0C 02 14 00 02 16 FC 01 15 08 02 15 0C 02 16 F4 01 18 0C 02 17 00 02 17 00 02 17 F0 01 17 F8 01 18 F4 01 18 FC 01 18 F4 01 18 F4 01 17 FC 01 18 EC 01 18 FC 01
AA 55 00 28 15 0C 31 17 86 66 18 E4 01 19 F0 01 19 E0 01 19 F0 01 19 F0 01 19 EC 01 17 F0 01 18 F4 01 17 F4 01 17 F0 01 16 F0 01 16 F4 01 17 F0 01 15 F8 01 16 FC 01 16 F4 01 15 E0 01 15 F0 01 14 FC 01 15 F8 01 14 F0 01 15 E8 01 15 F8 01 15 00 02 15 F8 01 15 F0 01 16 00 02 16 F4 01 16 F4 01 17 F0 01 15 FC 01 16 FC 01 16 00 02 16 EC 01 17 FC 01 17 F8 01 16 F4 01 18 FC 01 18 04 02 18 FC 01
AA 55 00 28 7D 17 99 22 DE 48 17 FC 01 17 04 02 16 04 02 16 00 02 18 FC 01 17 00 02 16 04 02 17 00 02 17 10 02 17 1C 02 16 08 02 18 0C 02 17 20 02 17 0C 02 17 18 02 15 24 02 14 28 02 12 20 02 0F 34 02 0D 3C 02 0D 3C 02 0D 34 02 0D 50 02 0E 38 02 0E 50 02 0D 3C 02 0D 40 02 0D 3C 02 0E 4C 02 0E 58 02 0D 48 02 0E 48 02 0E 64 02 0E 5C 02 0E 74 02 0F 60 02 10 58 02 12 6C 02 13 70 02 15 80 02
AA 55 00 28 E5 22 05 2E 38 73 16 84 02 17 80 02 17 9C 02 17 90 02 18 8C 02 18 94 02 17 9C 02 17 A0 02 16 B0 02 15 B4 02 16 BC 02 16 C4 02 15 CC 02 15 DC 02 16 E4 02 15 EC 02 15 DC 02 16 F4 02 15 FC 02 14 10 03 15 18 03 14 1C 03 14 20 03 13 2C 03 12 3C 03 12 4C 03 13 58 03 13 60 03 12 64 03 12 68 03 12 98 03 13 8C 03 12 A8 03 13 AC 03 13 BC 03 14 D4 03 15 D4 03 17 F8 03 1B EC 03 11 00 00
AA 55 00 28 51 2E 5F 39 F1 6A 29 FC 03 18 30 04 0F 00 00 2A 00 00 29 9C 18 1E C8 18 0F 00 00 15 48 19 1C D8 18 17 4C 19 23 34 19 26 00 00 18 DC 18 1F 00 00 22 68 17 1B 58 17 12 00 00 20 00 00 28 00 00 24 40 18 22 A8 18 24 00 00 24 B4 19 26 8C 19 23 88 19 11 00 00 21 00 00 20 64 1C 1F 2C 1C 15 28 1C 18 F4 1B 23 BC 1B 20 E4 1B 28 00 00 23 90 1C 0D 00 00 17 00 00 12 24 1F 18 68 1D 13 98 1E
AA 55 00 28 AB 39 BB 44 4F 02 13 00 00 00 00 00 05 00 00 28 00 00 24 24 21 0E 00 00 1C 20 21 28 14 21 26 F0 20 1B 98 20 13 00 00 1F D0 1D 27 C4 1D 27 CC 1D 27 D8 1D 27 D8 1D 10 78 1E 15 00 00 11 38 20 0C 78 1E 09 5C 1E 10 00 00 0E F8 1E 12 20 20 11 00 20 11 18 20 13 50 20 14 00 00 20 78 1C 16 A0 1D 19 10 1D 29 6C 1C 26 7C 1C 1A F4 1C 24 00 00 17 A0 1E 15 3C 1E 06 04 1E 07 00 00 03 00 00
AA 55 00 28 05 45 2B 50 4D 6A 01 00 00 02 00 00 05 00 00 07 00 00 08 BC 02 0A B4 02 0C B8 02 0C A0 02 0E 9C 02 0E 9C 02 0F 94 02 10 80 02 11 88 02 11 80 02 11 74 02 11 74 02 12 70 02 12 80 02 13 80 02 12 6C 02 11 7C 02 12 74 02 0F 80 02 0F 90 02 0F 98 02 0F 94 02 0F A4 02 0F A8 02 0D A8 02 0C B4 02 0A CC 02 0C 00 00 25 00 00 32 00 00 32 6C 03 2E 78 03 2E 7C 03 2A 60 03 29 58 03 2A 54 03
AA 55 00 28 75 50 A5 5B 20 76 29 44 03 2A 48 03 29 48 03 29 3C 03 28 38 03 28 28 03 28 30 03 28 24 03 29 28 03 29 2C 03 27 1C 03 28 24 03 28 18 03 28 10 03 29 18 03 2B 1C 03 2B 0C 03 2A 0C 03 29 FC 02 29 04 03 2A 0C 03 29 0C 03 28 FC 02 29 F8 02 28 EC 02 29 F8 02 28 FC 02 28 00 03 28 E4 02 29 F0 02 27 E8 02 27 E0 02 26 E0 02 24 D8 02 25 E0 02 23 D4 02 22 C0 02 23 C8 02 24 BC 02 22 A8 02
AA 55 00 28 F1 5B F7 66 CB 41 1D 98 02 11 94 02 0A 9C 02 08 90 02 07 80 02 09 74 02 0A 58 02 0C 54 02 0E 4C 02 10 50 02 10 40 02 11 3C 02 12 40 02 15 30 02 17 30 02 17 2C 02 16 28 02 15 24 02 16 24 02 16 1C 02 17 10 02 18 0C 02 19 00 02 18 0C 02 1A 08 02 1A 04 02 18 FC 01 17 F8 01 13 E8 01 0F D8 01 0A F4 01 07 F4 01 04 D8 01 05 EC 01 04 00 00 04 00 00 07 00 00 0B C4 01 10 C4 01 17 BC 01
AA 55 00 28 43 67 73 72 10 69 1E A8 01 23 A8 01 27 B8 01 2A B4 01 2B B0 01 2B AC 01 29 B0 01 2A AC 01 29 AC 01 28 B0 01 26 A4 01 24 A4 01 22 A4 01 1C 98 01 16 98 01 10 8C 01 0C 98 01 0B 88 01 09 84 01 08 90 01 06 A0 01 03 A0 01 02 8C 01 00 00 00 00 00 00 00 00 00 00 00 00 00 00 00 00 F0 01 00 00 00 00 DC 01 01 00 00 01 00 00 06 00 00 11 EC 01 1A E4 01 22 F4 01 28 FC 01 2B F4 01 2B EC 01
AA 55 00 28 BF 72 DB 7D 43 79 2A 00 02 27 FC 01 21 F8 01 1A E8 01 12 DC 01 0D D8 01 0B EC 01 0D 00 00 17 1C 02 1F 34 02 21 50 02 1D 4C 02 18 4C 02 10 50 02 0C 38 02 07 3C 02 05 3C 02 02 00 00 01 00 00 01 00 00 0F 00 00 28 00 00 29 54 08 2B 54 08 25 1C 08 20 20 08 21 14 08 24 0C 08 29 0C 08 29 28 08 28 00 00 2F 28 0B 30 20 0B 30 08 0B 30 E0 0A 2F B4 0A 2F 98 0A 30 78 0A 2F 50 0A 2F 40 0A
AA 55 00 28 25 7E 5D 89 2C 86 30 1C 0A 30 FC 09 31 E4 09 30 C4 09 32 B8 09 31 90 09 32 84 09 33 78 09 34 60 09 34 4C 09 34 38 09 33 1C 09 33 08 09 35 04 09 34 F0 08 33 DC 08 34 C4 08 33 B4 08 33 AC 08 33 9C 08 33 8C 08 33 80 08 32 6C 08 32 5C 08 34 68 08 35 5C 08 34 40 08 34 44 08 33 2C 08 34 20 08 34 08 08 34 FC 07 34 E8 07 34 E0 07 34 DC 07 33 D0 07 32 C8 07 32 BC 07 31 AC 07 30 A8 07
AA 55 00 28 A9 89 C3 94 5B 60 2E 90 07 2E 98 07 2E 90 07 30 90 07 2F 8C 07 2F 80 07 30 84 07 31 7C 07 31 70 07 31 74 07 31 74 07 31 64 07 32 68 07 32 58 07 33 58 07 33 54 07 33 4C 07 33 40 07 33 44 07 32 38 07 33 38 07 32 2C 07 33 30 07 33 20 07 34 1C 07 35 20 07 35 14 07 35 10 07 35 10 07 36 04 07 36 0C 07 35 04 07 35 10 07 36 00 07 35 10 07 34 08 07 34 10 07 33 08 07 32 08 07 32 1C 07
AA 55 00 28 0D 95 29 A0 5F 4E 31 14 07 30 1C 07 30 20 07 2F 08 07 2F 08 07 2E 1C 07 2E 14 07 2D FC 06 2D FC 06 2D 00 07 2D FC 06 2C F4 06 2D F4 06 2D 00 07 2D FC 06 2D 00 07 29 C4 06 1E 00 00 20 00 00 2E 00 00 1B 00 00 1B 00 00 1D 00 00 1F 20 05 1F 6C 05 2F 00 00 1E 90 06 20 00 00 1F B8 05 1F 00 00 28 DC 06 29 EC 06 26 8C 06 24 5C 06 23 2C 06 22 F8 05 20 C4 05 1F 98 05 1F 78 05 1F 54 05
AA 55 00 28 73 A0 93 AB C8 76 1C 2C 05 1A 20 05 19 F8 04 18 DC 04 15 C0 04 15 B0 04 13 B0 04 12 84 04 11 64 04 11 50 04 10 40 04 11 18 04 11 14 04 11 0C 04 12 DC 03 12 D4 03 11 B8 03 11 C8 03 11 C0 03 10 98 03 0F A0 03 0F 94 03 10 90 03 0F 78 03 10 70 03 10 54 03 0F 5C 03 10 3C 03 10 3C 03 0F 3C 03 10 2C 03 11 10 03 0F 0C 03 10 0C 03 0F 0C 03 0F 00 03 0F F4 02 0E E4 02 0F DC 02 0F D8 02
AA 55 00 1D DD AB 01 00 0C E1 0E CC 02 0E C4 02 0E BC 02 0E AC 02 0E BC 02 0F B0 02 0F AC 02 0F AC 02 0F A4 02 0F 9C 02 0F B0 02 0F 94 02 10 98 02 10 88 02 10 90 02 12 9C 02 11 74 02 11 74 02 12 7C 02 12 74 02 14 5C 02 13 60 02 13 5C 02 15 58 02 14 58 02 15 50 02 15 58 02 16 54 02 16 4C 02 AA 55 81 01 11 00 11 00 7E 56 15 40 02
AA 55 00 28 5B 00 7B 0B 04 75 16 4C 02 16 4C 02 14 44 02 14 44 02 13 30 02 12 2C 02 12 34 02 13 40 02 13 28 02 13 30 02 13 28 02 12 28 02 13 28 02 13 30 02 14 1C 02 13 28 02 14 1C 02 13 20 02 13 18 02 15 18 02 14 FC 01 14 0C 02 14 14 02 14 1C 02 14 FC 01 16 04 02 15 00 02 16 F4 01 16 00 02 17 00 02 16 00 02 18 FC 01 17 FC 01 18 F4 01 17 04 02 17 F4 01 18 EC 01 18 EC 01 18 EC 01 18 F4 01
AA 55 00 28 C5 0B D1 16 41 63 19 FC 01 18 EC 01 18 EC 01 19 F4 01 18 EC 01 18 EC 01 18 F4 01 18 FC 01 17 F4 01 17 F4 01 17 E8 01 16 F8 01 16 F4 01 16 F0 01 16 F0 01 16 EC 01 16 F4 01 15 F4 01 15 E8 01 15 E8 01 14 EC 01 15 F0 01 15 F8 01 14 F4 01 15 F4 01 15 F8 01 16 F4 01 15 F4 01 16 EC 01 16 F8 01 17 F8 01 17 F0 01 16 00 02 16 F8 01 16 08 02 17 F8 01 17 F8 01 18 FC 01 17 08 02 17 FC 01
AA 55 00 28 1B 17 23 22 42 4B 17 F8 01 17 08 02 17 04 02 16 FC 01 17 00 02 17 00 02 17 00 02 17 18 02 16 FC 01 17 08 02 18 0C 02 17 08 02 17 20 02 16 10 02 17 18 02 16 20 02 16 10 02 15 20 02 14 24 02 11 2C 02 0E 38 02 0D 40 02 0D 2C 02 0C 3C 02 0D 3C 02 0E 28 02 0D 3C 02 0D 50 02 0E 54 02 0E 40 02 0E 40 02 0E 54 02 0E 64 02 0E 5C 02 0E 64 02 0F 64 02 0F 5C 02 0F 70 02 12 74 02 13 78 02
AA 55 00 28 6F 22 79 2D E8 72 14 6C 02 16 84 02 17 80 02 17 84 02 18 94 02 18 8C 02 17 9C 02 18 9C 02 17 A0 02 16 B0 02 17 C8 02 17 C0 02 16 B4 02 15 C0 02 15 C4 02 16 D4 02 15 D8 02 16 F4 02 16 EC 02 16 FC 02 15 08 03 14 04 03 15 10 03 14 28 03 14 38 03 13 34 03 12 3C 03 13 44 03 13 4C 03 12 54 03 12 6C 03 13 94 03 12 84 03 12 90 03 12 98 03 13 B4 03 13 B4 03 14 D4 03 16 EC 03 19 F4 03
AA 55 00 28 C3 2D BD 38 F9 76 1B EC 03 10 00 00 29 FC 03 18 38 04 0F 00 00 2A 00 00 29 9C 18 1E C4 18 0E 5C 19 15 60 19 1D DC 18 18 4C 19 22 34 19 27 00 00 19 E4 18 1F 00 00 21 64 17 1C 6C 17 10 00 00 1E 00 00 29 00 00 23 2C 18 23 A8 18 22 9C 19 24 C8 19 25 98 19 23 84 19 14 F0 19 1D 00 00 20 7C 1C 20 30 1C 18 1C 1C 16 08 1C 23 BC 1B 21 BC 1B 28 00 00 26 98 1C 0F 00 00 14 00 00 16 FC 1F
AA 55 00 28 07 39 FD 43 7E 39 19 00 00 18 04 1E 1A 00 00 00 00 00 00 00 00 24 00 00 27 20 21 12 A4 20 17 FC 20 26 20 21 27 FC 20 20 D4 20 13 00 00 1A D8 1D 26 D8 1D 27 D4 1D 27 C8 1D 27 D4 1D 1D D4 1D 15 00 00 13 80 20 0B 24 1F 0A 68 1E 0A 00 1E 10 7C 1D 16 00 00 0F D8 1F 13 2C 20 11 38 20 10 00 00 21 00 00 1D CC 1C 17 D4 1D 1C A8 1C 31 7C 1C 1F B0 1C 15 00 00 26 B8 1E 17 EC 1E 10 00 00
AA 55 00 28 47 44 57 4F 2D 69 04 B4 1C 06 00 00 01 00 00 01 00 00 03 00 00 05 00 00 07 CC 02 09 A8 02 0A BC 02 0C A4 02 0D B0 02 0D A8 02 0E 8C 02 0F A0 02 10 78 02 10 90 02 11 74 02 12 7C 02 12 74 02 13 78 02 12 74 02 13 70 02 12 74 02 11 84 02 11 84 02 10 80 02 0F 90 02 10 A8 02 0E A4 02 0E A4 02 0E AC 02 0D A8 02 0C CC 02 0A D0 02 0E 00 00 25 00 00 31 00 00 31 7C 03 2D 78 03 2B 68 03
AA 55 00 28 A1 4F BB 5A BC 68 2A 68 03 29 6C 03 28 58 03 28 4C 03 29 44 03 29 3C 03 27 44 03 28 3C 03 28 38 03 28 34 03 28 2C 03 28 30 03 28 28 03 27 1C 03 28 24 03 28 10 03 27 18 03 2A 14 03 2A 14 03 29 10 03 2A 0C 03 29 0C 03 28 00 03 27 0C 03 28 FC 02 27 FC 02 29 00 03 28 EC 02 28 00 03 28 FC 02 29 FC 02 29 F4 02 29 E0 02 28 E8 02 28 F4 02 26 E0 02 26 E8 02 25 E0 02 25 D0 02 26 D4 02
AA 55 00 28 05 5B F7 65 01 40 27 C4 02 26 BC 02 23 A0 02 1C 98 02 11 94 02 0A 98 02 07 90 02 07 00 00 08 00 00 0A 00 00 0B 48 02 0E 38 02 0F 4C 02 0F 50 02 11 34 02 13 40 02 15 30 02 16 18 02 16 2C 02 14 30 02 14 2C 02 14 2C 02 15 24 02 17 20 02 17 1C 02 19 18 02 1B 0C 02 1C 08 02 1C F8 01 1C F4 01 19 E0 01 14 D8 01 0F E4 01 0B D4 01 08 E4 01 07 E4 01 06 F4 01 07 00 00 08 BC 01 0C C8 01
AA 55 00 28 41 66 59 71 6A 6B 11 D0 01 16 C8 01 1E BC 01 24 BC 01 28 A4 01 2A AC 01 2B AC 01 2B B0 01 2B A8 01 2B A4 01 2A B4 01 28 AC 01 27 A0 01 24 9C 01 22 A4 01 1D 9C 01 18 90 01 12 9C 01 0D 94 01 0B 8C 01 0A 84 01 08 90 01 05 A0 01 04 00 00 02 C8 01 01 B4 01 00 00 00 00 00 00 00 00 00 00 F4 01 00 00 00 00 00 00 00 00 00 01 CC 01 01 C8 01 02 D0 01 09 E0 01 15 E8 01 1C F0 01 23 EC 01
AA 55 00 28 A3 71 B3 7C D4 7B 29 08 02 2C F8 01 2C F0 01 2B F8 01 27 EC 01 22 F4 01 1C E4 01 14 F4 01 0E DC 01 0B E8 01 0B F8 01 14 0C 02 1D 1C 02 20 2C 02 1F 3C 02 19 40 02 12 48 02 0C 3C 02 08 34 02 06 40 02 03 00 00 02 00 00 01 00 00 00 00 00 10 00 00 28 00 00 2A 5C 08 2B 54 08 25 28 08 1E 1C 08 21 10 08 24 14 08 29 0C 08 2A 14 08 28 00 00 2E 24 0B 2F 18 0B 30 04 0B 30 E0 0A 31 C8 0A
AA 55 00 28 FD 7C 17 88 8E 89 30 A0 0A 30 78 0A 2F 64 0A 30 40 0A 30 24 0A 30 08 0A 30 E4 09 30 D0 09 31 B0 09 31 9C 09 33 94 09 33 74 09 33 60 09 33 48 09 33 2C 09 34 34 09 33 10 09 35 0C 09 35 F8 08 35 E8 08 33 C4 08 33 B4 08 33 BC 08 32 98 08 32 90 08 32 7C 08 32 70 08 33 70 08 34 60 08 34 60 08 34 48 08 34 38 08 34 30 08 34 24 08 34 0C 08 34 00 08 34 F4 07 34 F0 07 34 DC 07 34 CC 07
AA 55 00 28 61 88 65 93 9F 66 32 D4 07 32 BC 07 31 B0 07 30 9C 07 2F A0 07 2F 98 07 2E 90 07 2F 90 07 2F 8C 07 2F 90 07 30 80 07 30 84 07 31 7C 07 31 78 07 31 68 07 32 70 07 32 68 07 32 68 07 33 5C 07 33 58 07 33 54 07 34 4C 07 32 3C 07 32 44 07 33 34 07 32 2C 07 33 24 07 33 30 07 34 34 07 34 10 07 35 1C 07 35 10 07 35 1C 07 35 10 07 35 10 07 35 04 07 35 04 07 35 10 07 35 0C 07 35 0C 07
AA 55 00 28 AF 93 B1 9E AE 74 35 00 07 34 04 07 33 08 07 33 0C 07 31 20 07 30 08 07 31 20 07 30 0C 07 2F 00 07 2F 0C 07 2E F4 06 2D 1C 07 2C F4 06 2D FC 06 2D 00 07 2D 00 07 2E 14 07 2D 00 07 2D 00 07 2D FC 06 2D 00 07 28 BC 06 1F 00 00 22 00 00 2E 00 00 1B 00 00 1B 00 00 1E 00 00 1F 20 05 20 54 05 30 00 00 1F 90 06 20 00 00 1F B0 05 1E 00 00 29 E4 06 29 D8 06 26 9C 06 25 70 06 24 3C 06
AA 55 00 28 FB 9E 01 AA F9 4F 22 F8 05 21 D0 05 20 AC 05 1F 78 05 1E 48 05 1C 34 05 1B 1C 05 19 00 05 18 DC 04 16 C4 04 14 B8 04 14 B4 04 12 88 04 11 64 04 11 50 04 10 40 04 10 30 04 11 14 04 11 FC 03 11 00 04 12 DC 03 11 D0 03 10 AC 03 11 B0 03 10 B4 03 10 98 03 10 90 03 10 80 03 0F 80 03 10 70 03 10 44 03 10 54 03 10 4C 03 10 44 03 11 2C 03 10 2C 03 10 24 03 0F 24 03 10 F8 02 0F 14 03
AA 55 00 23 4D AA 01 00 94 DF 0F 00 03 0F F0 02 10 E8 02 0F E4 02 0F DC 02 0F DC 02 0F E0 02 0E D4 02 0E AC 02 0E BC 02 0F BC 02 0E B4 02 0F A8 02 0E AC 02 0E B4 02 0F AC 02 0F A0 02 0F 9C 02 10 A0 02 10 88 02 10 98 02 11 74 02 12 6C 02 13 78 02 12 78 02 12 60 02 14 6C 02 14 7C 02 14 6C 02 15 50 02 15 58 02 14 60 02 15 54 02 15 50 02 15 50 02 AA 55 81 01 21 00 21 00 72 56 15 4C 02
AA 55 00 28 6B 00 71 0B 99 76 15 4C 02 15 48 02 14 48 02 14 34 02 14 34 02 13 40 02 12 38 02 13 38 02 13 38 02 14 34 02 13 20 02 14 2C 02 13 28 02 13 1C 02 13 28 02 13 14 02 13 20 02 13 20 02 14 1C 02 13 18 02 14 1C 02 14 20 02 14 0C 02 14 04 02 14 04 02 16 0C 02 15 0C 02 15 F8 01 17 00 02 16 F8 01 17 00 02 17 FC 01 18 FC 01 17 FC 01 17 00 02 17 E8 01 18 EC 01 18 FC 01 18 EC 01 18 FC 01
AA 55 00 28 BB 0B AF 16 BB 60 17 F0 01 18 EC 01 19 F8 01 18 EC 01 19 F4 01 19 E8 01 19 F0 01 18 FC 01 17 F0 01 18 F4 01 17 F8 01 16 EC 01 15 F4 01 16 F0 01 16 EC 01 16 EC 01 15 F8 01 16 F4 01 16 FC 01 15 F0 01 15 00 02 14 FC 01 15 F8 01 14 F0 01 15 04 02 15 FC 01 15 F8 01 16 F4 01 16 E8 01 16 EC 01 17 00 02 16 00 02 16 F4 01 16 FC 01 16 F4 01 17 F8 01 17 F8 01 16 F0 01 17 F8 01 16 F8 01
AA 55 00 28 FB 16 EF 21 33 49 17 00 02 18 F4 01 17 08 02 16 0C 02 17 08 02 18 04 02 17 08 02 17 10 02 18 0C 02 16 0C 02 17 14 02 18 0C 02 17 10 02 17 0C 02 16 18 02 17 18 02 16 18 02 15 20 02 15 28 02 12 20 02 0F 1C 02 0D 34 02 0D 3C 02 0D 2C 02 0D 48 02 0D 48 02 0D 44 02 0D 3C 02 0E 48 02 0E 4C 02 0E 4C 02 0E 5C 02 0E 4C 02 0E 5C 02 0F 5C 02 0F 5C 02 0F 6C 02 0F 64 02 10 78 02 12 6C 02
AA 55 00 28 39 22 2F 2D 6B 73 13 78 02 14 7C 02 16 84 02 16 88 02 17 8C 02 18 94 02 17 9C 02 17 98 02 17 94 02 17 AC 02 17 AC 02 16 C4 02 17 B8 02 17 C8 02 15 CC 02 16 D4 02 16 E4 02 16 E4 02 16 E4 02 15 E8 02 15 FC 02 15 10 03 15 10 03 14 28 03 14 28 03 13 2C 03 13 3C 03 13 44 03 13 3C 03 12 54 03 13 60 03 12 7C 03 12 84 03 12 90 03 13 9C 03 12 A8 03 13 BC 03 13 AC 03 14 C0 03 15 D4 03
AA 55 00 28 79 2D 59 38 16 62 19 F4 03 1B E8 03 11 00 00 26 00 04 1A 18 04 0D 00 00 28 00 00 2A 00 00 21 C0 18 0E 30 19 14 70 19 1D 00 00 17 40 19 1F 40 19 29 C8 18 1B B4 18 1C 44 18 21 88 17 21 90 17 0A 00 00 14 98 18 29 00 00 23 CC 17 24 00 00 1F 2C 19 25 CC 19 25 A4 19 25 78 19 1C A8 19 11 00 00 22 CC 1C 20 2C 1C 1C 40 1C 13 1C 1C 1F CC 1B 23 B0 1B 23 38 1C 28 90 1C 19 98 1C 0C 00 00
AA 55 00 28 A5 38 77 43 DA 3A 17 9C 20 17 00 00 1A 74 1D 19 00 00 0A 48 20 00 00 00 0E 00 00 29 00 00 21 14 21 0E 84 20 1E 24 21 28 18 21 25 04 21 1A 80 20 14 00 00 1F C8 1D 27 D0 1D 26 D4 1D 27 DC 1D 27 D0 1D 10 00 00 14 00 00 12 44 20 0C 6C 1E 08 78 1E 0E 00 00 0D A4 1E 14 50 20 10 00 20 11 30 20 12 50 20 0D 00 00 21 74 1C 1A 3C 1D 18 68 1D 23 00 00 2E 78 1C 1D C4 1C 1C 00 00 20 A4 1E
AA 55 00 28 C1 43 C3 4E F2 6B 18 C4 1E 0E 00 00 01 00 00 06 E8 04 01 00 00 01 00 00 04 00 00 06 D8 02 08 CC 02 09 B8 02 0B B4 02 0C BC 02 0C B0 02 0D 98 02 0F A0 02 0F 90 02 10 98 02 10 98 02 11 94 02 11 84 02 12 7C 02 12 80 02 12 78 02 12 7C 02 11 7C 02 12 8C 02 10 80 02 10 90 02 0F 78 02 0E 94 02 0F A4 02 0F AC 02 0E 9C 02 0D A8 02 0B AC 02 0A CC 02 0D 00 00 24 50 03 31 64 03 32 78 03
AA 55 00 28 0D 4F 07 5A AD 68 2E 78 03 2D 6C 03 2A 68 03 29 60 03 27 44 03 27 4C 03 28 48 03 29 50 03 29 3C 03 28 2C 03 27 34 03 29 3C 03 28 28 03 29 2C 03 29 24 03 27 20 03 28 18 03 29 24 03 28 18 03 29 20 03 29 20 03 2A 1C 03 2A 14 03 29 0C 03 28 FC 02 28 FC 02 27 F4 02 28 04 03 28 04 03 28 00 03 29 F8 02 29 00 03 27 EC 02 29 E8 02 29 E8 02 28 DC 02 28 E0 02 27 E0 02 26 E8 02 25 E0 02
AA 55 00 28 53 5A 2D 65 BB 42 24 CC 02 25 CC 02 26 C4 02 27 C4 02 26 B0 02 24 A0 02 1A 9C 02 0F A0 02 09 A8 02 07 80 02 07 68 02 08 70 02 0A 70 02 0C 50 02 0E 4C 02 0F 54 02 10 38 02 11 4C 02 14 2C 02 16 2C 02 17 34 02 17 28 02 16 14 02 15 28 02 15 18 02 16 14 02 17 20 02 18 14 02 18 0C 02 1B 14 02 1C 08 02 1E 08 02 1E F8 01 1B E8 01 17 E8 01 12 EC 01 0C EC 01 09 DC 01 07 D8 01 05 D8 01
AA 55 00 28 77 65 73 70 69 6A 06 F0 01 07 00 00 0A D0 01 0E B8 01 13 B8 01 1A BC 01 20 B0 01 26 B0 01 2A A8 01 2B A4 01 2C BC 01 2C A4 01 2A A4 01 2B AC 01 2A B0 01 28 B0 01 26 00 00 24 A8 01 20 98 01 1D 9C 01 17 98 01 11 90 01 0D 00 00 0C 7C 01 0A 00 00 08 98 01 07 A4 01 03 00 00 02 84 01 01 00 00 00 00 00 00 00 00 00 00 00 00 00 00 00 00 00 00 10 02 00 00 00 01 00 00 01 00 00 02 00 00
AA 55 00 28 BD 70 B3 7B BF 7C 0B DC 01 16 DC 01 1E F8 01 24 F8 01 29 E8 01 2C F8 01 2B FC 01 2A F4 01 25 F4 01 22 EC 01 1A F0 01 13 D8 01 0C EC 01 0A FC 01 0B 08 02 14 1C 02 1C 3C 02 1C 48 02 16 34 02 0F 34 02 09 4C 02 07 00 00 04 00 00 02 00 00 02 00 00 01 00 00 00 00 00 01 00 00 23 00 00 29 00 00 2A 54 08 2A 40 08 20 28 08 20 18 08 21 08 08 26 0C 08 2B 0C 08 20 00 00 2D 00 00 2F 00 00
AA 55 00 28 FD 7B FD 86 B5 8E 30 20 0B 2F EC 0A 30 D8 0A 2F B0 0A 2F 90 0A 2F 70 0A 2F 50 0A 30 30 0A 2F 14 0A 30 04 0A 31 E4 09 30 C4 09 31 B0 09 31 98 09 33 8C 09 32 6C 09 33 50 09 33 44 09 35 3C 09 33 20 09 34 10 09 35 08 09 34 EC 08 35 EC 08 33 CC 08 34 C0 08 32 A8 08 34 AC 08 31 80 08 33 88 08 32 68 08 34 70 08 34 60 08 35 64 08 35 44 08 35 44 08 34 2C 08 33 1C 08 32 00 08 34 FC 07
AA 55 00 28 47 87 3B 92 B9 68 34 F4 07 34 E8 07 34 E0 07 33 D0 07 32 C8 07 32 C4 07 31 B0 07 30 A4 07 2F A0 07 2F 98 07 2E 8C 07 2F 90 07 2F 90 07 30 88 07 30 90 07 31 84 07 30 78 07 31 74 07 32 74 07 31 60 07 31 60 07 32 60 07 33 60 07 33 50 07 33 50 07 33 48 07 33 48 07 33 3C 07 32 3C 07 32 34 07 32 28 07 34 2C 07 34 2C 07 35 20 07 35 24 07 35 1C 07 35 18 07 35 04 07 36 14 07 36 18 07
AA 55 00 28 85 92 51 9D AB 76 35 04 07 35 10 07 36 0C 07 35 04 07 35 04 07 34 08 07 34 0C 07 33 0C 07 32 0C 07 31 14 07 31 14 07 30 14 07 2F 18 07 2F 0C 07 2F FC 06 2E 14 07 2D F0 06 2D FC 06 2D FC 06 2D 00 07 2D 00 07 2D 0C 07 2D 1C 07 2E FC 06 2D F4 06 2D F0 06 1E 00 00 21 00 00 2D 00 00 27 00 00 19 00 00 1C 0C 05 1E 1C 05 1F 18 05 22 00 00 2D 00 00 1A 00 00 22 00 00 1A 00 00 28 00 00
AA 55 00 28 9B 9D A5 A8 65 4B 2A F8 06 29 C4 06 26 8C 06 23 54 06 23 20 06 21 EC 05 21 B8 05 20 8C 05 1F 74 05 1D 4C 05 1C 28 05 19 14 05 19 EC 04 17 E8 04 15 C8 04 14 A8 04 13 90 04 11 84 04 11 6C 04 12 4C 04 11 3C 04 11 2C 04 11 10 04 11 0C 04 12 F4 03 12 D4 03 11 C8 03 11 C8 03 11 B0 03 11 B0 03 10 98 03 0F 84 03 0F 88 03 0F 7C 03 10 60 03 10 70 03 11 5C 03 0F 4C 03 10 44 03 10 34 03
AA 55 00 28 EF A8 01 00 DC D5 10 2C 03 10 14 03 0F 20 03 10 0C 03 10 1C 03 10 00 03 0E E4 02 0E E4 02 0F E0 02 0F DC 02 0E CC 02 0E DC 02 0F CC 02 0E C4 02 0E C4 02 0E AC 02 0E AC 02 0E A4 02 0F AC 02 0E 9C 02 0E AC 02 0F 84 02 0F 94 02 0F 98 02 0F 88 02 10 88 02 11 7C 02 12 8C 02 12 74 02 12 70 02 13 68 02 14 74 02 14 5C 02 14 64 02 15 64 02 15 68 02 15 50 02 14 50 02 15 48 02 15 50 02
AA 55 00 01 23 00 15 00 D9 56 15 50 02 AA 55 7F 01 5D 00 5D 00 F8 56 15 38 02
AA 55 00 28 A7 00 9B 0B F0 76 16 3C 02 15 38 02 15 40 02 15 40 02 13 38 02 13 38 02 12 40 02 13 30 02 13 30 02 13 28 02 14 34 02 13 30 02 13 28 02 13 14 02 13 20 02 13 1C 02 14 14 02 13 18 02 14 04 02 14 14 02 13 0C 02 14 0C 02 14 14 02 15 18 02 15 00 02 16 FC 01 16 0C 02 17 F0 01 16 FC 01 16 04 02 16 FC 01 16 F8 01 17 00 02 18 F4 01 18 F4 01 18 F4 01 18 EC 01 18 FC 01 17 F4 01 18 F4 01
AA 55 00 28 E5 0B C1 16 78 63 18 F4 01 19 F4 01 19 F0 01 19 F0 01 19 EC 01 19 EC 01 19 00 02 19 F0 01 17 F4 01 18 FC 01 16 F8 01 17 E8 01 16 EC 01 15 E8 01 16 F0 01 15 F0 01 16 EC 01 15 F8 01 15 F0 01 15 F0 01 15 F0 01 15 F8 01 16 FC 01 15 F0 01 15 F8 01 15 FC 01 15 F8 01 16 F4 01 16 F4 01 17 F8 01 17 F0 01 17 00 02 17 F8 01 17 00 02 17 F0 01 17 00 02 18 FC 01 18 FC 01 17 F0 01 18 04 02
AA 55 00 28 0B 17 E5 21 F3 4B 17 F4 01 18 04 02 17 04 02 17 08 02 16 00 02 17 10 02 18 FC 01 17 0C 02 17 10 02 17 00 02 16 0C 02 16 08 02 17 14 02 17 1C 02 18 24 02 17 10 02 17 20 02 15 24 02 15 30 02 13 20 02 0F 1C 02 0E 38 02 0D 38 02 0D 34 02 0D 3C 02 0D 3C 02 0D 58 02 0D 3C 02 0E 54 02 0E 54 02 0E 4C 02 0E 5C 02 0F 58 02 0E 5C 02 0E 5C 02 0F 64 02 0E 6C 02 0F 74 02 10 60 02 11 84 02
AA 55 00 28 2F 22 0D 2D 17 73 14 74 02 14 88 02 15 8C 02 16 80 02 17 80 02 17 8C 02 17 94 02 18 AC 02 17 A8 02 17 B0 02 16 B8 02 16 AC 02 16 BC 02 16 C0 02 16 C8 02 16 CC 02 16 D4 02 15 E0 02 16 E4 02 16 F4 02 15 F8 02 15 08 03 14 00 03 14 20 03 15 20 03 13 24 03 14 34 03 13 34 03 13 58 03 13 58 03 13 68 03 12 70 03 12 78 03 13 8C 03 12 98 03 12 A0 03 13 A4 03 13 BC 03 14 C0 03 15 DC 03
AA 55 00 28 57 2D 21 38 96 6B 16 EC 03 1A 04 04 16 00 04 14 00 00 27 00 00 15 00 00 1B 00 00 2C 00 00 27 B0 18 19 C4 18 11 00 00 17 24 19 1A EC 18 18 54 19 25 3C 19 25 00 00 18 D8 18 1F 00 00 21 70 17 1A 60 17 12 00 00 21 00 00 29 00 00 23 28 18 22 A4 18 22 9C 19 24 C4 19 25 90 19 24 98 19 16 E8 19 1B 00 00 20 8C 1C 20 28 1C 1A 2C 1C 15 24 1C 22 D0 1B 22 B8 1B 25 00 00 28 94 1C 14 D0 1C
AA 55 00 28 6B 38 35 43 82 04 0F 00 00 17 74 20 19 00 00 1B 94 1D 1C 00 00 06 00 20 00 00 00 13 00 00 29 00 00 1E 04 21 0F 98 20 1F 18 21 28 10 21 25 FC 20 19 00 00 14 00 00 21 CC 1D 27 C8 1D 27 D4 1D 27 D4 1D 27 D8 1D 10 78 1E 14 00 00 11 50 20 0C 74 1E 08 68 1E 0E 00 00 0C 70 1E 15 00 00 10 FC 1F 12 38 20 12 50 20 0C 00 00 21 80 1C 1B 18 1D 18 9C 1D 20 00 00 31 7C 1C 1D BC 1C 17 00 00
AA 55 00 28 7F 43 5D 4E B0 76 25 B0 1E 17 E4 1E 0D 00 00 02 00 00 07 E4 04 01 00 00 01 00 00 02 00 00 05 00 00 07 D4 02 08 C4 02 0A AC 02 0B A4 02 0D A0 02 0D A0 02 0E 9C 02 10 98 02 10 00 00 11 84 02 11 94 02 11 94 02 12 74 02 13 78 02 12 70 02 13 78 02 12 7C 02 11 7C 02 11 8C 02 10 80 02 10 90 02 0F A0 02 0F 98 02 0F AC 02 0E B4 02 0E B4 02 0C B8 02 0B AC 02 0A 00 00 1A 00 00 2E 00 00
AA 55 00 28 A7 4E 91 59 98 68 34 00 00 30 80 03 2D 64 03 2B 64 03 2A 68 03 29 5C 03 29 4C 03 28 48 03 2A 40 03 28 30 03 28 38 03 28 38 03 28 34 03 28 30 03 29 24 03 29 20 03 29 24 03 28 18 03 28 28 03 27 1C 03 28 20 03 29 10 03 2A 0C 03 29 10 03 2A 10 03 28 FC 02 28 04 03 28 04 03 27 FC 02 27 F4 02 28 FC 02 27 EC 02 28 F0 02 27 F8 02 27 E8 02 28 F4 02 29 E8 02 28 E8 02 28 E8 02 26 E4 02
AA 55 00 28 D9 59 A5 64 F7 42 26 D4 02 25 D4 02 24 CC 02 26 CC 02 26 B8 02 27 C0 02 26 B4 02 21 A0 02 18 8C 02 0D 90 02 09 94 02 07 AC 02 08 00 00 09 5C 02 0B 68 02 0C 44 02 0E 4C 02 10 48 02 11 38 02 12 3C 02 13 30 02 15 2C 02 17 28 02 17 18 02 16 24 02 15 20 02 14 24 02 16 1C 02 17 10 02 18 04 02 19 10 02 1A 04 02 1D 08 02 1D 14 02 1D FC 01 1B EC 01 18 E4 01 13 EC 01 0E E8 01 0A E0 01
AA 55 00 28 EF 64 C9 6F A5 76 08 D0 01 05 E4 01 07 D4 01 07 C8 01 08 BC 01 0B BC 01 11 B0 01 17 B8 01 1D AC 01 24 B4 01 28 B0 01 2B B4 01 2B A8 01 2C AC 01 2C AC 01 2B AC 01 29 A8 01 29 AC 01 28 A8 01 26 A0 01 23 A0 01 20 A8 01 1C 94 01 16 90 01 10 8C 01 0C 94 01 0A 90 01 0A 9C 01 08 88 01 06 00 00 04 00 00 03 00 00 01 AC 01 00 00 00 00 00 00 00 00 00 00 00 00 00 00 00 00 00 00 00 00 00
AA 55 00 28 13 70 FF 7A 3C 75 01 00 00 01 D8 01 05 E4 01 0E E0 01 19 EC 01 21 F4 01 26 F0 01 2A E8 01 2D F8 01 2B F0 01 28 FC 01 23 F4 01 1D EC 01 18 DC 01 10 DC 01 0B F4 01 09 F0 01 0C 00 00 16 28 02 1A 34 02 17 40 02 0F 44 02 09 24 02 06 28 02 03 40 02 02 00 00 02 00 00 01 00 00 00 00 00 00 00 00 10 00 00 28 00 00 2A 60 08 2A 48 08 26 28 08 1F 20 08 21 08 08 23 18 08 29 04 08 2C 18 08
AA 55 00 28 49 7B 35 86 2A 8A 23 00 00 30 00 00 2F 00 00 2F F8 0A 2F DC 0A 31 CC 0A 31 B0 0A 30 7C 0A 2F 58 0A 2F 40 0A 30 28 0A 31 1C 0A 30 F4 09 30 D0 09 31 BC 09 32 AC 09 32 98 09 33 84 09 33 68 09 34 60 09 35 4C 09 33 24 09 35 28 09 34 10 09 33 E8 08 35 EC 08 35 E0 08 34 CC 08 33 BC 08 33 A8 08 33 A4 08 32 84 08 33 84 08 34 78 08 34 70 08 34 64 08 35 58 08 33 3C 08 33 30 08 33 2C 08
AA 55 00 28 7F 86 5F 91 29 65 34 24 08 34 14 08 34 04 08 34 EC 07 34 E4 07 34 E0 07 33 D0 07 33 C4 07 32 C0 07 30 AC 07 30 A4 07 2F 9C 07 2F 98 07 2E 90 07 2F 88 07 30 8C 07 30 88 07 30 84 07 30 7C 07 30 78 07 31 78 07 31 74 07 32 68 07 32 5C 07 32 6C 07 33 5C 07 33 4C 07 32 54 07 33 48 07 33 48 07 33 3C 07 32 3C 07 32 34 07 33 34 07 33 30 07 33 28 07 35 18 07 35 20 07 35 10 07 35 18 07
AA 55 00 28 A9 91 7F 9C 80 73 36 04 07 35 0C 07 35 04 07 36 04 07 35 00 07 35 04 07 35 10 07 35 08 07 34 08 07 34 08 07 33 14 07 33 0C 07 30 FC 06 31 1C 07 2F 08 07 30 14 07 2F 0C 07 2F 00 07 2E 08 07 2E 08 07 2D FC 06 2D 08 07 2D 08 07 2D 00 07 2D 0C 07 2D 0C 07 2D 00 07 2D 00 07 2D F4 06 22 00 00 21 00 00 26 00 00 2D 00 00 19 00 00 1B 00 00 1E 00 00 1F 1C 05 1F 00 00 2F 00 00 1C 00 00
AA 55 00 28 C9 9C AD A7 35 42 22 00 00 1E AC 05 1F 00 00 29 E8 06 29 D8 06 26 94 06 24 64 06 23 30 06 22 FC 05 21 D4 05 1F 9C 05 1F 74 05 1E 48 05 1C 34 05 1B 18 05 19 04 05 19 DC 04 16 DC 04 15 BC 04 14 94 04 12 90 04 11 6C 04 11 6C 04 10 54 04 10 38 04 11 18 04 11 04 04 11 F0 03 12 D4 03 11 C8 03 11 C0 03 11 C8 03 10 B4 03 0F A8 03 10 AC 03 0F 98 03 10 88 03 10 88 03 10 64 03 10 68 03
AA 55 00 28 F5 A7 CD B2 E0 6B 10 54 03 10 3C 03 10 3C 03 10 34 03 10 1C 03 10 1C 03 10 1C 03 0F 1C 03 10 F8 02 0F F0 02 0F 00 03 0F DC 02 0E EC 02 0F E4 02 0E E4 02 0E CC 02 0E CC 02 0E CC 02 0E C4 02 0F BC 02 0F AC 02 0F A4 02 0E AC 02 0F A4 02 0F A4 02 10 90 02 10 80 02 10 00 00 11 9C 02 10 80 02 11 84 02 12 84 02 12 6C 02 12 78 02 12 60 02 14 64 02 14 5C 02 14 60 02 15 60 02 15 60 02
AA 55 00 05 17 B3 29 00 DF E1 14 54 02 15 48 02 15 50 02 16 44 02 15 54 02 AA 55 7D 01 71 00 71 00 8D 56 16 4C 02
AA 55 00 28 B9 00 9B 0B 94 76 15 3C 02 15 40 02 14 44 02 14 44 02 14 44 02 13 38 02 13 38 02 12 28 02 13 30 02 13 28 02 13 38 02 14 34 02 14 24 02 13 28 02 14 24 02 13 18 02 14 1C 02 14 1C 02 13 10 02 14 14 02 13 20 02 13 10 02 14 04 02 15 04 02 15 08 02 16 04 02 16 04 02 16 FC 01 16 00 02 16 FC 01 17 FC 01 17 04 02 17 F8 01 17 00 02 17 F4 01 18 E4 01 17 EC 01 18 F4 01 18 EC 01 18 F4 01
AA 55 00 28 E3 0B B5 16 04 63 18 F4 01 18 E4 01 19 00 02 19 00 02 18 EC 01 18 F4 01 19 F0 01 18 F4 01 17 F0 01 17 F0 01 17 F4 01 17 00 02 16 F8 01 16 FC 01 15 F4 01 15 EC 01 15 F4 01 16 EC 01 15 F0 01 15 F8 01 15 E8 01 15 F8 01 15 F0 01 15 F8 01 15 F8 01 14 F0 01 15 08 02 15 FC 01 15 F4 01 16 F4 01 17 00 02 16 00 02 16 00 02 16 F4 01 16 EC 01 17 00 02 17 04 02 17 FC 01 16 00 02 16 08 02
AA 55 00 28 FD 16 C9 21 18 49 17 08 02 17 04 02 17 F0 01 18 0C 02 17 F8 01 17 F8 01 16 04 02 17 04 02 17 0C 02 17 14 02 17 10 02 17 14 02 18 0C 02 17 18 02 17 10 02 17 18 02 16 18 02 17 30 02 15 20 02 14 2C 02 11 24 02 0D 34 02 0D 34 02 0D 40 02 0D 48 02 0D 44 02 0D 4C 02 0D 48 02 0E 48 02 0D 50 02 0E 4C 02 0E 54 02 0F 54 02 0E 5C 02 0F 54 02 0E 6C 02 0E 64 02 0F 70 02 10 68 02 11 6C 02
AA 55 00 28 11 22 DD 2C 50 73 12 64 02 14 6C 02 15 80 02 16 74 02 17 90 02 18 8C 02 18 8C 02 18 A4 02 17 A0 02 17 A0 02 17 B0 02 17 B0 02 16 B8 02 16 BC 02 15 C4 02 16 CC 02 16 CC 02 15 D8 02 16 E4 02 16 DC 02 16 FC 02 16 FC 02 16 1C 03 15 20 03 15 08 03 14 24 03 14 34 03 14 2C 03 12 44 03 13 44 03 12 60 03 13 60 03 12 70 03 12 90 03 12 88 03 13 8C 03 12 A8 03 13 9C 03 13 C4 03 15 CC 03
AA 55 00 28 25 2D E5 37 3C 63 15 E8 03 17 F8 03 1B E8 03 13 1C 04 20 18 04 1E EC 03 10 00 00 24 00 00 2B 00 00 24 C4 18 11 DC 18 14 00 00 1B DC 18 18 40 19 1A 50 19 28 0C 19 21 80 18 19 A8 18 21 00 00 21 7C 17 13 60 17 14 00 00 26 00 00 26 00 00 24 60 18 20 C4 18 24 00 00 24 B8 19 26 8C 19 23 8C 19 11 00 00 21 00 00 20 6C 1C 20 30 1C 17 38 1C 17 0C 1C 22 B8 1B 21 C8 1B 27 00 00 27 98 1C
AA 55 00 28 2F 38 EB 42 20 19 10 30 1D 12 00 00 17 44 20 19 00 00 1A B8 1D 1D 00 00 03 A8 1F 00 00 00 1A 00 00 29 00 00 1A F0 20 11 C8 20 21 2C 21 28 18 21 24 FC 20 18 00 00 15 00 00 22 D0 1D 27 D0 1D 27 DC 1D 27 D8 1D 26 E0 1D 0F 00 00 13 88 20 11 40 20 0C 00 00 09 6C 1E 0F 00 00 0D A8 1E 15 58 20 10 00 20 12 3C 20 12 54 20 0C 00 00 21 78 1C 1B 20 1D 18 88 1D 20 00 00 31 78 1C 1D B4 1C
AA 55 00 28 33 43 07 4E 09 77 18 00 00 25 B0 1E 17 04 1F 0B 00 00 03 00 00 07 C4 04 01 00 00 01 00 00 04 00 00 05 00 00 07 E4 02 09 C8 02 0A C4 02 0B 9C 02 0C A8 02 0D B0 02 0E A4 02 0E A4 02 0F 94 02 10 88 02 10 88 02 11 8C 02 12 94 02 13 78 02 13 88 02 12 9C 02 13 00 00 12 74 02 11 94 02 11 94 02 10 90 02 0F 98 02 0F 94 02 0E AC 02 0E AC 02 0D B4 02 0C B8 02 0B BC 02 0A 00 00 16 00 00
AA 55 00 28 4F 4E 2B 59 B3 6A 2C 00 00 34 00 00 31 6C 03 2E 74 03 2C 70 03 29 50 03 29 54 03 29 54 03 29 50 03 2A 44 03 29 34 03 28 40 03 27 30 03 28 2C 03 28 2C 03 29 2C 03 2A 2C 03 29 1C 03 29 24 03 28 1C 03 29 24 03 28 10 03 29 14 03 29 10 03 29 10 03 29 04 03 29 0C 03 28 FC 02 28 F8 02 27 00 03 28 F8 02 27 F4 02 28 FC 02 29 F8 02 27 F8 02 27 F0 02 29 F0 02 29 E0 02 29 E0 02 29 E0 02
AA 55 00 28 73 59 2F 64 C4 42 27 E0 02 26 E0 02 26 E0 02 25 D4 02 26 D4 02 25 C8 02 26 C0 02 27 BC 02 24 AC 02 1C 8C 02 11 94 02 0A 9C 02 08 98 02 07 80 02 08 78 02 09 6C 02 0B 60 02 0D 00 00 0F 44 02 10 40 02 11 34 02 12 38 02 14 3C 02 16 2C 02 17 20 02 17 2C 02 16 2C 02 16 14 02 15 20 02 17 18 02 17 10 02 18 FC 01 19 08 02 1B 04 02 1C 04 02 1C F4 01 1D F0 01 1A F8 01 16 E8 01 11 FC 01
AA 55 00 28 79 64 47 6F 18 76 0D 04 02 09 F0 01 07 00 02 06 E4 01 06 CC 01 07 C8 01 09 C0 01 0D CC 01 12 C4 01 18 B4 01 1E B0 01 23 B8 01 28 B0 01 2B A8 01 2B AC 01 2C B4 01 2C A4 01 2B B0 01 29 A8 01 29 AC 01 27 A0 01 26 A4 01 23 AC 01 1F 9C 01 1B A0 01 15 90 01 0F 8C 01 0C 88 01 0B 88 01 0A 74 01 07 00 00 06 A0 01 03 98 01 02 00 00 01 00 00 00 00 00 00 00 00 00 18 02 00 24 02 00 00 00
AA 55 00 28 8F 6F 71 7A 53 60 00 F0 01 01 F8 01 01 E8 01 01 F0 01 06 FC 01 11 EC 01 1A E4 01 22 F4 01 28 04 02 2B 04 02 2D FC 01 2B 00 02 27 FC 01 22 F4 01 1F EC 01 17 EC 01 10 E4 01 0C EC 01 0A E0 01 0D 00 00 16 24 02 19 34 02 16 40 02 0F 3C 02 08 30 02 06 48 02 03 48 02 02 00 00 02 00 00 01 00 00 00 00 00 00 00 00 13 00 00 27 58 08 2A 64 08 2A 50 08 25 18 08 1F 18 08 21 08 08 23 18 08
AA 55 00 28 B9 7A 8F 85 4E 89 29 10 08 2B 14 08 23 00 00 2E 00 00 30 00 00 2F 04 0B 2F E0 0A 2F BC 0A 2F 9C 0A 30 84 0A 2F 60 0A 31 4C 0A 30 28 0A 30 10 0A 31 F8 09 30 D8 09 31 B8 09 32 B4 09 32 9C 09 31 70 09 32 64 09 32 4C 09 33 3C 09 33 30 09 35 24 09 33 08 09 34 F0 08 33 EC 08 34 E0 08 35 D8 08 34 C4 08 35 B8 08 33 A0 08 33 98 08 31 70 08 33 78 08 34 68 08 33 58 08 33 44 08 35 44 08
AA 55 00 28 D7 85 B3 90 B1 68 33 30 08 34 30 08 34 24 08 34 0C 08 34 FC 07 34 F0 07 34 E8 07 34 E4 07 34 D4 07 33 CC 07 32 B4 07 31 B0 07 30 B0 07 2F A8 07 2F 90 07 2E 88 07 2E 8C 07 2F 8C 07 2F 90 07 2F 80 07 31 84 07 31 80 07 31 74 07 31 68 07 31 6C 07 32 6C 07 32 60 07 32 60 07 33 60 07 32 4C 07 33 48 07 33 40 07 32 3C 07 33 40 07 33 34 07 32 2C 07 33 30 07 33 28 07 34 24 07 35 20 07
AA 55 00 28 FB 90 C1 9B B1 76 35 1C 07 35 18 07 36 04 07 36 10 07 36 0C 07 36 04 07 35 00 07 35 00 07 36 04 07 35 1C 07 35 0C 07 34 04 07 33 08 07 32 1C 07 32 0C 07 30 08 07 31 14 07 31 20 07 2F 08 07 2F FC 06 2E 00 07 2E 08 07 2D 00 07 2D FC 06 2D FC 06 2D 00 07 2D FC 06 2E 1C 07 2D 00 07 2D 00 07 2D F4 06 2D E8 06 1D 00 00 21 00 00 2F 00 00 25 00 00 19 00 00 1D 00 00 1E 14 05 1F 28 05
AA 55 00 28 09 9C DD A6 88 45 25 00 00 2C 00 00 1A 00 00 22 00 00 18 00 00 27 00 00 2A FC 06 29 D8 06 26 8C 06 24 50 06 23 24 06 22 F0 05 20 BC 05 20 94 05 1F 60 05 1E 4C 05 1D 2C 05 1A 1C 05 19 04 05 18 C8 04 16 DC 04 15 A4 04 13 A4 04 12 A0 04 12 74 04 11 3C 04 11 44 04 11 24 04 10 20 04 11 0C 04 11 F0 03 12 DC 03 12 D4 03 11 D0 03 11 C0 03 11 B0 03 10 AC 03 0F A0 03 0F 88 03 0F 90 03
AA 55 00 28 25 A7 ED B1 2C 6A 10 68 03 10 60 03 10 4C 03 10 54 03 10 3C 03 10 2C 03 10 34 03 10 2C 03 10 2C 03 10 1C 03 0F 1C 03 0F F8 02 0F F0 02 0F F0 02 0F F0 02 0E E4 02 0F D4 02 0E E4 02 0E D4 02 0E C4 02 0E C4 02 0E BC 02 0E C4 02 0E 9C 02 0E C4 02 0F A4 02 0F A4 02 10 98 02 0F 90 02 0F A0 02 10 90 02 10 90 02 12 94 02 11 7C 02 12 8C 02 12 80 02 13 70 02 13 78 02 13 68 02 14 64 02
AA 55 00 07 35 B2 01 00 EE E2 14 68 02 14 5C 02 14 60 02 15 60 02 15 54 02 16 58 02 16 5C 02 AA 55 7D 01 1B 00 1B 00 85 56 16 44 02
AA 55 00 28 65 00 33 0B BC 76 15 44 02 15 44 02 15 48 02 14 48 02 14 44 02 13 40 02 13 38 02 13 38 02 13 48 02 13 38 02 14 2C 02 13 30 02 14 24 02 13 2C 02 13 18 02 13 18 02 13 1C 02 13 18 02 13 10 02 14 1C 02 14 24 02 13 00 00 14 1C 02 14 14 02 14 10 02 14 08 02 15 00 02 15 F8 01 15 00 02 16 F8 01 16 F8 01 17 08 02 17 00 00 17 F8 01 17 F4 01 18 FC 01 17 EC 01 18 F4 01 18 EC 01 18 EC 01
AA 55 00 28 7B 0B 3B 16 0C 63 19 F4 01 18 FC 01 18 EC 01 18 F4 01 19 F8 01 19 E8 01 18 EC 01 19 F4 01 18 EC 01 18 F4 01 18 F4 01 16 F8 01 16 F0 01 17 F8 01 16 EC 01 15 F4 01 16 E4 01 16 EC 01 15 F8 01 15 F8 01 16 FC 01 15 F4 01 15 F0 01 15 FC 01 15 F8 01 15 F8 01 15 F0 01 16 F4 01 16 EC 01 15 00 02 16 E4 01 16 F4 01 17 00 02 16 00 02 17 F8 01 17 F8 01 17 00 02 17 FC 01 17 FC 01 17 00 02
AA 55 00 28 83 16 3D 21 BE 49 17 FC 01 17 00 02 17 00 02 17 04 02 17 08 02 16 00 02 17 10 02 17 0C 02 16 10 02 17 08 02 16 0C 02 16 20 02 17 18 02 17 18 02 17 20 02 17 1C 02 16 20 02 17 28 02 17 18 02 16 20 02 14 2C 02 13 20 02 10 38 02 0D 3C 02 0D 34 02 0E 38 02 0D 48 02 0C 54 02 0D 50 02 0D 3C 02 0E 54 02 0D 50 02 0E 5C 02 0E 58 02 0E 4C 02 0F 54 02 0E 5C 02 0F 5C 02 0E 6C 02 0F 64 02
AA 55 00 28 85 21 41 2C 9E 71 10 70 02 11 7C 02 12 74 02 15 78 02 15 78 02 16 74 02 17 90 02 17 80 02 18 A4 02 17 A4 02 17 A8 02 17 B8 02 17 B4 02 17 B8 02 16 C8 02 16 C0 02 16 C4 02 16 C4 02 16 D4 02 16 D4 02 15 D8 02 15 E8 02 16 F4 02 15 EC 02 14 FC 02 15 10 03 15 18 03 15 28 03 13 2C 03 13 44 03 13 3C 03 13 58 03 12 54 03 13 68 03 12 68 03 13 70 03 13 80 03 12 98 03 12 98 03 13 AC 03
